{
 "cells": [
  {
   "cell_type": "code",
   "execution_count": null,
   "metadata": {},
   "outputs": [],
   "source": [
    "import os\n",
    "os.chdir('/container/mount/point')\n",
    "\n",
    "import pandas as pd\n",
    "import numpy as np\n",
    "import plotly.express as px\n",
    "import plotly.graph_objects as go\n",
    "\n",
    "from scipy.cluster.hierarchy import linkage, leaves_list\n",
    "\n",
    "from gglasso.helper.utils import sparsity\n",
    "from gglasso.helper.model_selection import ebic\n",
    "\n",
    "from utils.helper import transform_features, scale_array_by_diagonal\n",
    "from utils.stability_selection import subsample\n",
    "from utils.solver import ADMM_single"
   ]
  },
  {
   "cell_type": "markdown",
   "metadata": {},
   "source": [
    "### Import American Gut Project data"
   ]
  },
  {
   "cell_type": "code",
   "execution_count": 201,
   "metadata": {},
   "outputs": [
    {
     "name": "stdout",
     "output_type": "stream",
     "text": [
      "Bacterial families for both cases are the same: True\n"
     ]
    }
   ],
   "source": [
    "matched_df = pd.read_csv('data/AGP/matched_df_W.csv', sep=',', index_col=0)\n",
    "\n",
    "f_taxa_smoker = pd.read_csv('data/AGP/tax_table_smoker.csv', sep=',', index_col=0)\n",
    "f_count_smoker = pd.read_csv('data/AGP/otu_table_smoker.csv', sep=',', index_col=0)  # N x p\n",
    "\n",
    "f_taxa_non_smoker = pd.read_csv('data/AGP/tax_table_non_smoker.csv', sep=',', index_col=0)\n",
    "f_count_non_smoker = pd.read_csv('data/AGP/otu_table_non_smoker.csv', sep=',', index_col=0)  # N x p\n",
    "\n",
    "print(\"Bacterial families for both cases are the same:\", (f_count_smoker.columns == f_count_non_smoker.columns).all())\n",
    "family_names = f_count_smoker.columns\n",
    "names_dict = {index: (f_taxa_smoker.loc[index, \"Family\"] if pd.notna(f_taxa_smoker.loc[index, \"Family\"]) else f\"f_unknown_{index}\") for index in family_names.map(int)}"
   ]
  },
  {
   "cell_type": "markdown",
   "metadata": {},
   "source": [
    "### Perform Subsampling"
   ]
  },
  {
   "cell_type": "code",
   "execution_count": 202,
   "metadata": {},
   "outputs": [
    {
     "name": "stdout",
     "output_type": "stream",
     "text": [
      "Processing smoker case\n",
      "Level family: \n",
      " Shape(p,N): (40, 234)\n",
      "Subsample 1:\n",
      "(40, 152)\n",
      "Subsample 2:\n",
      "(40, 152)\n",
      "Subsample 3:\n",
      "(40, 152)\n",
      "Subsample 4:\n",
      "(40, 152)\n",
      "Subsample 5:\n",
      "(40, 152)\n",
      "Subsample 6:\n",
      "(40, 152)\n",
      "Subsample 7:\n",
      "(40, 152)\n",
      "Subsample 8:\n",
      "(40, 152)\n",
      "Subsample 9:\n",
      "(40, 152)\n",
      "Subsample 10:\n",
      "(40, 152)\n",
      "Print subsamples object: (40, 152, 10)\n",
      "Processing non_smoker case\n",
      "Level family: \n",
      " Shape(p,N): (40, 234)\n",
      "Subsample 1:\n",
      "(40, 152)\n",
      "Subsample 2:\n",
      "(40, 152)\n",
      "Subsample 3:\n",
      "(40, 152)\n",
      "Subsample 4:\n",
      "(40, 152)\n",
      "Subsample 5:\n",
      "(40, 152)\n",
      "Subsample 6:\n",
      "(40, 152)\n",
      "Subsample 7:\n",
      "(40, 152)\n",
      "Subsample 8:\n",
      "(40, 152)\n",
      "Subsample 9:\n",
      "(40, 152)\n",
      "Subsample 10:\n",
      "(40, 152)\n",
      "Print subsamples object: (40, 152, 10)\n"
     ]
    }
   ],
   "source": [
    "level = \"family\"\n",
    "model = \"sparse\"\n",
    "N = 10  # Number of subsamples\n",
    "lambda1_range = np.logspace(0, -2, 10)\n",
    "\n",
    "# Process both smoker and non-smoker cases\n",
    "subsampling_results = dict()\n",
    "\n",
    "for case, f_count in zip([\"smoker\", \"non_smoker\"], [f_count_non_smoker, f_count_smoker]):\n",
    "    print(f\"Processing {case} case\")\n",
    "    \n",
    "    # Select count table according to selected taxonomic level\n",
    "    control_counts = f_count.copy().T\n",
    "    p, n = control_counts.shape\n",
    "    print(f\"Level {level}: \\n Shape(p,N): {control_counts.shape}\")\n",
    "\n",
    "    control_ids = list(map(str, matched_df[matched_df[\"W\"] == 1].index))\n",
    "\n",
    "    control_clr_counts = transform_features(control_counts, transformation=\"clr\")\n",
    "    subsamples = subsample(control_clr_counts.values, N)\n",
    "\n",
    "    for i in range(subsamples.shape[2]):  # Loop through each subsample\n",
    "        subsample_slice = subsamples[:, :, i]  # Access the i-th subsample\n",
    "        print(f\"Subsample {i+1}:\")\n",
    "        print(subsample_slice.shape)\n",
    "\n",
    "    print(f\"Print subsamples object: {subsamples.shape}\")\n",
    "\n",
    "    subsampling_results[case] = {\n",
    "        \"control_counts\": control_counts,\n",
    "        \"control_clr_counts\": control_clr_counts,\n",
    "        \"subsamples\": subsamples\n",
    "    }"
   ]
  },
  {
   "cell_type": "markdown",
   "metadata": {},
   "source": [
    "### Empirical correlation"
   ]
  },
  {
   "cell_type": "code",
   "execution_count": 203,
   "metadata": {},
   "outputs": [
    {
     "name": "stdout",
     "output_type": "stream",
     "text": [
      "Processing smoker case\n",
      "Level family: \n",
      " Shape(p,N): (40, 234)\n",
      "Print subsamples shape: (40, 152, 10)\n",
      "Processing non_smoker case\n",
      "Level family: \n",
      " Shape(p,N): (40, 234)\n",
      "Print subsamples shape: (40, 152, 10)\n"
     ]
    }
   ],
   "source": [
    "corr_dict = {\"smoker\": dict(), \"non_smoker\": dict()}\n",
    "\n",
    "for case, f_count in zip([\"smoker\", \"non_smoker\"], [f_count_non_smoker, f_count_smoker]):\n",
    "    print(f\"Processing {case} case\")\n",
    "    \n",
    "    # Select count table according to selected taxonomic level\n",
    "    control_counts = f_count.copy().T\n",
    "    p, n = control_counts.shape\n",
    "    print(f\"Level {level}: \\n Shape(p,N): {control_counts.shape}\")\n",
    "\n",
    "    control_ids = list(map(str, matched_df[matched_df[\"W\"] == 1].index))\n",
    "\n",
    "    control_clr_counts = transform_features(control_counts, transformation=\"clr\")\n",
    "    subsamples = subsample(control_clr_counts.values, N)\n",
    "\n",
    "    for i in range(subsamples.shape[2]):  # Loop through each subsample\n",
    "        subsample_slice = subsamples[:, :, i]  # Access the i-th subsample\n",
    "        #print(f\"Subsample {i+1}:\")\n",
    "        #print(subsample_slice.shape)\n",
    "\n",
    "    print(f\"Print subsamples shape: {subsamples.shape}\")\n",
    "\n",
    "    S0 = np.cov(control_clr_counts, bias=True)\n",
    "    S = scale_array_by_diagonal(S0)\n",
    "    if p != S.shape[0]:\n",
    "        raise Exception(\"Check covariance shape!\")\n",
    "    \n",
    "    corr_dict[case] = S"
   ]
  },
  {
   "cell_type": "code",
   "execution_count": 204,
   "metadata": {},
   "outputs": [
    {
     "name": "stdout",
     "output_type": "stream",
     "text": [
      "Processing smoker case\n"
     ]
    },
    {
     "data": {
      "application/vnd.plotly.v1+json": {
       "config": {
        "plotlyServerURL": "https://plot.ly"
       },
       "data": [
        {
         "coloraxis": "coloraxis",
         "hovertemplate": "x: %{x}<br>y: %{y}<br>Value: %{z}<extra></extra>",
         "name": "0",
         "type": "heatmap",
         "x": [
          "4446058",
          "4420570",
          "4425214",
          "4477696",
          "12574",
          "4387092",
          "952003",
          "1696853",
          "4396235",
          "128300",
          "505670",
          "1000986",
          "2829179",
          "4481613",
          "4347159",
          "4365130",
          "4457438",
          "4480861",
          "4409730",
          "4446320",
          "4481131",
          "4402903",
          "4468234",
          "4453609",
          "359872",
          "4306262",
          "4402605",
          "4428714",
          "4476877",
          "325850",
          "841635",
          "175844",
          "4448331",
          "710275",
          "1071450",
          "1117593",
          "290455",
          "177679",
          "4436552",
          "165118"
         ],
         "xaxis": "x",
         "y": [
          "4446058",
          "4420570",
          "4425214",
          "4477696",
          "12574",
          "4387092",
          "952003",
          "1696853",
          "4396235",
          "128300",
          "505670",
          "1000986",
          "2829179",
          "4481613",
          "4347159",
          "4365130",
          "4457438",
          "4480861",
          "4409730",
          "4446320",
          "4481131",
          "4402903",
          "4468234",
          "4453609",
          "359872",
          "4306262",
          "4402605",
          "4428714",
          "4476877",
          "325850",
          "841635",
          "175844",
          "4448331",
          "710275",
          "1071450",
          "1117593",
          "290455",
          "177679",
          "4436552",
          "165118"
         ],
         "yaxis": "y",
         "z": [
          [
           0.9999999999999999,
           0.33874951364731704,
           0.2694729767502715,
           0.23860742308444877,
           0.44440094069681424,
           0.36450119905266815,
           0.48715240149491257,
           0.4295149295288793,
           0.4585193820930637,
           0.19552552105633814,
           0.2819129164569155,
           0.5112817494519765,
           0.046592837542403044,
           -0.028104354569307592,
           -0.14756874243265397,
           -0.29052143238887307,
           -0.24039240530469713,
           -0.17660447199967494,
           -0.22938456499891138,
           -0.24012903286925538,
           -0.4600602080491312,
           -0.36269314426333976,
           -0.4727386820157025,
           -0.3970393703796206,
           -0.3743161221322062,
           -0.19180090630492697,
           -0.2356842667986419,
           -0.20620387042543523,
           -0.12416387669630087,
           -0.12693780567922067,
           -0.42841403637197184,
           -0.315595789271527,
           -0.03574403805151167,
           0.20179617530686464,
           0.06392490885101845,
           -0.013567611452083487,
           -0.10254175121812062,
           -0.17924645064650524,
           0.06466231017053756,
           -0.035116925023656584
          ],
          [
           0.33874951364731704,
           0.9999999999999999,
           0.16202809874527893,
           0.1543415771776411,
           0.3367776085812886,
           0.44640236274166734,
           0.3846359549546104,
           0.48315274355341653,
           0.4634479393868833,
           0.16932968704434256,
           0.0859091705055797,
           0.2437194683671775,
           0.07480474079292278,
           -0.09910769947524055,
           -0.2312127883088302,
           -0.1210065577151846,
           -0.16594403786077144,
           -0.09369795712846153,
           -0.3121791908149186,
           -0.28603058064544445,
           -0.4014838400616032,
           -0.3265307658102614,
           -0.25961362506175617,
           -0.30353382811169394,
           -0.15617043824148039,
           -0.17046727111572524,
           -0.2277836719727266,
           -0.23255595218157502,
           -0.10483613859321399,
           -0.09830082185467738,
           -0.22214949595106542,
           -0.24578346320954939,
           -0.08833451963258156,
           0.15775358455552566,
           0.041084342512761156,
           -0.012428447719217934,
           0.01643849530162155,
           -0.11822063847358133,
           0.034110963677826955,
           -0.001134863438732325
          ],
          [
           0.2694729767502715,
           0.16202809874527893,
           1.0000000000000002,
           0.6159887164636489,
           0.5729896739044482,
           0.4437729805021617,
           0.5705215198330341,
           0.5449439795917859,
           0.5201155431790001,
           0.15553977632486135,
           0.2142263366689812,
           0.2402106716361023,
           0.38531262590418414,
           0.11847713177929346,
           -0.09487248954062598,
           -0.02985564097668817,
           -0.05675054616752474,
           -0.003789723570960438,
           -0.18669954059523944,
           -0.21016623209479474,
           -0.5062301349985491,
           -0.43322364120447315,
           -0.3734697444890751,
           -0.493955035609829,
           -0.4551712031362304,
           -0.3341903772803913,
           -0.4048249368046882,
           -0.32686541176114997,
           -0.19408550257808124,
           -0.3379726194749342,
           -0.2720606308018857,
           -0.33332273169711807,
           -0.3496427072863873,
           0.12267959962368018,
           -0.026612820375255784,
           -0.09358757869018267,
           -0.12120133651867832,
           -0.15249767185565877,
           0.17187033233531573,
           0.02893199516681583
          ],
          [
           0.23860742308444877,
           0.1543415771776411,
           0.6159887164636489,
           1,
           0.500857998463682,
           0.4957473346609973,
           0.570588516869796,
           0.5744260475716758,
           0.5638252698446294,
           0.03136415566135108,
           0.08051209902332421,
           0.21375971652362039,
           0.35418039014369035,
           -0.013302658728702925,
           -0.07053160308535751,
           -0.019484151352976414,
           -0.1368061721810506,
           -0.16260245041199878,
           -0.1958060364419052,
           -0.20573760936499588,
           -0.5216558820950037,
           -0.4549842863265433,
           -0.3857405554503134,
           -0.4462125048134502,
           -0.47726724587950176,
           -0.3591324779311268,
           -0.43241321554419765,
           -0.320797076257703,
           -0.2157255867963151,
           -0.2859847955182254,
           -0.10417050613225909,
           -0.28252140584126473,
           -0.32452868219087044,
           0.08830046204485861,
           -0.12360268554304638,
           -0.08871542127272049,
           -0.05795262241845849,
           -0.10191515563223914,
           0.3323380070516005,
           0.07716471240858037
          ],
          [
           0.44440094069681424,
           0.3367776085812886,
           0.5729896739044482,
           0.500857998463682,
           0.9999999999999998,
           0.5807298869948178,
           0.7157513779036621,
           0.6727713956745333,
           0.639912324015437,
           0.24603419879606414,
           0.45030426609795987,
           0.472671809142181,
           0.2843756763652719,
           0.1553627658547766,
           -0.17173363142762496,
           -0.0696107517918098,
           -0.20223182705231263,
           -0.11560796955744503,
           -0.3441778393781039,
           -0.4059478953055411,
           -0.6280821938848694,
           -0.5878023193713363,
           -0.565692196083173,
           -0.5642758885574612,
           -0.4385262273740583,
           -0.2936491574878656,
           -0.4342439596383073,
           -0.35433726089204415,
           -0.1743634648883754,
           -0.2620837212626458,
           -0.3496679687606311,
           -0.3167471252479471,
           -0.34487294716968764,
           0.1734711014255181,
           -0.06531849660342183,
           -0.0649808862995899,
           -0.074569218884026,
           -0.2314791835551327,
           0.22195100756004624,
           -0.08163717968974436
          ],
          [
           0.36450119905266815,
           0.44640236274166734,
           0.4437729805021617,
           0.4957473346609973,
           0.5807298869948178,
           1.0000000000000002,
           0.6237160968358667,
           0.6918486564918072,
           0.6708515077440071,
           0.12737070562230013,
           0.2077114320181913,
           0.3310631425397961,
           0.2577685296522597,
           -0.008018039754909157,
           -0.22597628124859814,
           -0.024982415042480378,
           -0.339417176635579,
           -0.23299211767032504,
           -0.40681708782885045,
           -0.4733587096821291,
           -0.7092078443620753,
           -0.6385188468009324,
           -0.5265217745433481,
           -0.4788974430588975,
           -0.28364452010219104,
           -0.2302863837804118,
           -0.35697709324006144,
           -0.3004324568185637,
           -0.1349817197988769,
           -0.19244168114121019,
           -0.22322378372086146,
           -0.30725406363673935,
           -0.22281129181286302,
           0.14018598081828873,
           -0.05189532256854405,
           0.01027799270664258,
           -0.06251637920387908,
           -0.1588111450306612,
           0.2760100126776117,
           0.013814411036706426
          ],
          [
           0.48715240149491257,
           0.3846359549546104,
           0.5705215198330341,
           0.570588516869796,
           0.7157513779036621,
           0.6237160968358667,
           0.9999999999999999,
           0.8440729653219123,
           0.8528185939264371,
           0.08896975036072806,
           0.11927105435530662,
           0.37739043963790075,
           0.195549381700762,
           0.017584128592773748,
           -0.28081296104697745,
           -0.15429680635929224,
           -0.3667270437247109,
           -0.24385854702531556,
           -0.4501319210300844,
           -0.45084981415070946,
           -0.7495034820245122,
           -0.6372195296002393,
           -0.6585370645334572,
           -0.5530315109357076,
           -0.4057350942627994,
           -0.27024918475531906,
           -0.36196980628496916,
           -0.2975256777757211,
           -0.18583485200841537,
           -0.19175262384736166,
           -0.39205630000881836,
           -0.35860317863584346,
           -0.17860620417390413,
           0.3507668490918266,
           0.05167222543845821,
           0.04381569318143132,
           -0.02535093275458565,
           -0.19056108618433373,
           0.17353457109808046,
           -0.0197572290888321
          ],
          [
           0.4295149295288793,
           0.48315274355341653,
           0.5449439795917859,
           0.5744260475716758,
           0.6727713956745333,
           0.6918486564918072,
           0.8440729653219123,
           1.0000000000000002,
           0.894531619605942,
           0.10915163939148259,
           0.09530579840432248,
           0.29147521103674123,
           0.2578876714578507,
           -0.005172079344147541,
           -0.23657946525535656,
           -0.12117916250604129,
           -0.32230867711153466,
           -0.23756280369611688,
           -0.46250086839900867,
           -0.5307768425297422,
           -0.7278074615746517,
           -0.6081748982677323,
           -0.6096727262295526,
           -0.534615605760161,
           -0.3918534980191614,
           -0.3039135703281177,
           -0.36493333936653405,
           -0.28250029685919104,
           -0.1921411520027378,
           -0.1811368408492827,
           -0.34826741014148394,
           -0.35004650565980416,
           -0.22241492673167235,
           0.23867524171786753,
           0.014778884964831002,
           0.010977371381524543,
           -0.04734919853722835,
           -0.1465929038249928,
           0.2254549906241357,
           -0.021230593132803236
          ],
          [
           0.4585193820930637,
           0.4634479393868833,
           0.5201155431790001,
           0.5638252698446294,
           0.639912324015437,
           0.6708515077440071,
           0.8528185939264371,
           0.894531619605942,
           0.9999999999999999,
           0.12907779303672445,
           0.1060015454229714,
           0.27665064425814645,
           0.2187216427048362,
           -0.010029795420742492,
           -0.2871038884084473,
           -0.1077577074687704,
           -0.3219948648134387,
           -0.19182001431481321,
           -0.4217707667253037,
           -0.49708344385662967,
           -0.6989731971380676,
           -0.5853908827306447,
           -0.6235497611326287,
           -0.5634708034691994,
           -0.37720029509101777,
           -0.2851007297795086,
           -0.33262785422102,
           -0.2608668926300336,
           -0.26168798323700637,
           -0.1917455259803572,
           -0.38983249645592377,
           -0.37187658621208186,
           -0.21018636095959653,
           0.2388085480889121,
           0.01828813422907524,
           0.05036423989717291,
           -0.032058716050485735,
           -0.16237278790460663,
           0.2020124804405084,
           0.012286410516863962
          ],
          [
           0.19552552105633814,
           0.16932968704434256,
           0.15553977632486135,
           0.03136415566135108,
           0.24603419879606414,
           0.12737070562230013,
           0.08896975036072806,
           0.10915163939148259,
           0.12907779303672445,
           0.9999999999999999,
           0.2956061543095711,
           0.24086818044873987,
           0.08748824830663388,
           0.10205442738387974,
           0.029906127100035443,
           -0.08908330100292886,
           -0.17321134779591404,
           0.01849181043531391,
           -0.08228730695129774,
           -0.08298548661179977,
           -0.1731676179671866,
           -0.19849210209862392,
           -0.1356448438029425,
           -0.21533201738401522,
           -0.11172912109095419,
           -0.11861780331905748,
           -0.1938691171670472,
           -0.1258738420680135,
           -0.05675620479125613,
           -0.22447072399431672,
           -0.24505428759867967,
           -0.2767976448648813,
           -0.12215032191479401,
           -0.0014436667188304515,
           -0.04749209769755826,
           -0.10865557522788243,
           -0.0025209653227718045,
           -0.029114370334360665,
           0.030236215819616424,
           -0.06727412945993434
          ],
          [
           0.2819129164569155,
           0.0859091705055797,
           0.2142263366689812,
           0.08051209902332421,
           0.45030426609795987,
           0.2077114320181913,
           0.11927105435530662,
           0.09530579840432248,
           0.1060015454229714,
           0.2956061543095711,
           1,
           0.6280711697537616,
           0.07442668884661781,
           0.11089878606275982,
           -0.013674293672731586,
           0.05921185922667325,
           0.019474283710878244,
           0.10579422226399422,
           -0.009085791868216134,
           -0.11313602126366547,
           -0.20099303425873544,
           -0.2530891845831502,
           -0.1042822264041661,
           -0.1943389590221052,
           -0.2767877759169283,
           -0.21110100926367426,
           -0.3597171313237451,
           -0.3219109213209904,
           -0.0919268188095439,
           -0.08149859674760743,
           -0.10084918863106998,
           -0.15067598689227063,
           -0.30975722367409814,
           -0.04685557765671816,
           -0.2477817442668885,
           -0.1276496444078173,
           -0.1462513811768605,
           -0.14010664621651955,
           0.08963613775063818,
           -0.1972597163010274
          ],
          [
           0.5112817494519765,
           0.2437194683671775,
           0.2402106716361023,
           0.21375971652362039,
           0.472671809142181,
           0.3310631425397961,
           0.37739043963790075,
           0.29147521103674123,
           0.27665064425814645,
           0.24086818044873987,
           0.6280711697537616,
           0.9999999999999999,
           -0.02425030763002938,
           0.03549311339827925,
           -0.11313044123168009,
           -0.11716304285064184,
           -0.15113392939641088,
           -0.07737523975618592,
           -0.16217263747189173,
           -0.22859931272115716,
           -0.37728087885834377,
           -0.3115092621437717,
           -0.30625657352346397,
           -0.30621158932193077,
           -0.3478068973534335,
           -0.2737290271338834,
           -0.3490253011511282,
           -0.3028672123698975,
           -0.1901798895322595,
           -0.04772110074087664,
           -0.20381800874014705,
           -0.18432836956715568,
           -0.1894116808667337,
           0.05510767910452925,
           -0.0894988766244506,
           -0.10264132023718253,
           -0.16361298702584776,
           -0.11275991130537975,
           0.04910491940227394,
           -0.156192489896984
          ],
          [
           0.046592837542403044,
           0.07480474079292278,
           0.38531262590418414,
           0.35418039014369035,
           0.2843756763652719,
           0.2577685296522597,
           0.195549381700762,
           0.2578876714578507,
           0.2187216427048362,
           0.08748824830663388,
           0.07442668884661781,
           -0.02425030763002938,
           0.9999999999999998,
           0.1908283548948464,
           0.008221123887564024,
           0.1765522589570907,
           0.17486674004567354,
           0.0911459227028991,
           -0.012867821932006893,
           -0.004665118913687608,
           -0.1731406573467906,
           -0.13545327840149685,
           -0.11053888336699685,
           -0.307821673935596,
           -0.029117621875553463,
           -0.1998234943070807,
           -0.27303887750684724,
           -0.2577325382885967,
           -0.16498526966317234,
           -0.24214690358206484,
           -0.05587726204951144,
           -0.2772203516289004,
           -0.2952611226405649,
           -0.08237932664308867,
           -0.1825789810159968,
           -0.17691331682224243,
           -0.0884507448989135,
           -0.175823932729468,
           0.15591525578565443,
           -0.06123977190059518
          ],
          [
           -0.028104354569307592,
           -0.09910769947524055,
           0.11847713177929346,
           -0.013302658728702925,
           0.1553627658547766,
           -0.008018039754909157,
           0.017584128592773748,
           -0.005172079344147541,
           -0.010029795420742492,
           0.10205442738387974,
           0.11089878606275982,
           0.03549311339827925,
           0.1908283548948464,
           1,
           0.08612514769574717,
           0.11907993450108559,
           0.3520552638556636,
           0.34906728154756245,
           0.11451286979678996,
           0.13140735595295652,
           0.09657738506465774,
           0.07821832840915767,
           -0.033768643911869435,
           -0.07670312820422115,
           0.030476178610056637,
           -0.1427576613004696,
           -0.0597508967472455,
           -0.12519158301972322,
           -0.08662692860634974,
           -0.16654945547260877,
           -0.19306961259629918,
           -0.14203620305743223,
           -0.2394200867115011,
           -0.22426326167672364,
           -0.24776673753393919,
           -0.2136400452131257,
           -0.0803631175639392,
           -0.14582902088560615,
           0.15955522548279596,
           0.025321464058911284
          ],
          [
           -0.14756874243265397,
           -0.2312127883088302,
           -0.09487248954062598,
           -0.07053160308535751,
           -0.17173363142762496,
           -0.22597628124859814,
           -0.28081296104697745,
           -0.23657946525535656,
           -0.2871038884084473,
           0.029906127100035443,
           -0.013674293672731586,
           -0.11313044123168009,
           0.008221123887564024,
           0.08612514769574717,
           1,
           -0.005957872174569884,
           0.15038872328984423,
           0.10203232641641494,
           0.32191604633268295,
           0.22770282110871395,
           0.23003496884817062,
           0.09592702285335987,
           0.18198615983927816,
           0.11921695743417046,
           -0.12635128240546392,
           -0.16403476346283144,
           -0.03871310329087613,
           -0.04154461088087544,
           0.039627454870535365,
           -0.10093263182076877,
           0.09771880590838429,
           0.13445152001655206,
           -0.0520324448007171,
           -0.18186144090786663,
           -0.08731538209417823,
           0.0037153458624428143,
           -0.014864935423858099,
           -0.1344947989745092,
           0.05461045093932945,
           -0.022904143868481757
          ],
          [
           -0.29052143238887307,
           -0.1210065577151846,
           -0.02985564097668817,
           -0.019484151352976414,
           -0.0696107517918098,
           -0.024982415042480378,
           -0.15429680635929224,
           -0.12117916250604129,
           -0.1077577074687704,
           -0.08908330100292886,
           0.05921185922667325,
           -0.11716304285064184,
           0.1765522589570907,
           0.11907993450108559,
           -0.005957872174569884,
           1,
           0.20580056543658753,
           0.14403587441953675,
           0.05654281730421997,
           0.034001998561583376,
           0.14359717407688793,
           0.055504175636232195,
           0.33827787991384245,
           0.29220537061902285,
           0.1721406057093232,
           -0.01604179245070482,
           -0.04547917701379154,
           -0.21412555626856367,
           0.10692033005220271,
           0.012742654966867004,
           0.17630153281063912,
           0.021494931803229398,
           -0.16193625174949355,
           -0.19539630160166407,
           -0.21059240296087425,
           -0.1846248159766472,
           -0.192033886850566,
           -0.10484949623044623,
           -0.03137879975641107,
           -0.09456909503850028
          ],
          [
           -0.24039240530469713,
           -0.16594403786077144,
           -0.05675054616752474,
           -0.1368061721810506,
           -0.20223182705231263,
           -0.339417176635579,
           -0.3667270437247109,
           -0.32230867711153466,
           -0.3219948648134387,
           -0.17321134779591404,
           0.019474283710878244,
           -0.15113392939641088,
           0.17486674004567354,
           0.3520552638556636,
           0.15038872328984423,
           0.20580056543658753,
           1,
           0.5526808858487035,
           0.4061496546243981,
           0.32727274240300114,
           0.6377979609986435,
           0.48990561048329506,
           0.4762598010444803,
           0.25807603551007824,
           0.05120813694509674,
           -0.032265619196415386,
           -0.028604216472372157,
           -0.16907516951858306,
           -0.041596706981962404,
           0.0648799127447096,
           0.24643008793302926,
           0.059948345294332836,
           -0.32750161935072997,
           -0.3558901211213667,
           -0.3481929417379625,
           -0.3450994932160862,
           -0.09708926979635615,
           -0.03324374964887717,
           -0.10177283384989647,
           -0.033927277807533705
          ],
          [
           -0.17660447199967494,
           -0.09369795712846153,
           -0.003789723570960438,
           -0.16260245041199878,
           -0.11560796955744503,
           -0.23299211767032504,
           -0.24385854702531556,
           -0.23756280369611688,
           -0.19182001431481321,
           0.01849181043531391,
           0.10579422226399422,
           -0.07737523975618592,
           0.0911459227028991,
           0.34906728154756245,
           0.10203232641641494,
           0.14403587441953675,
           0.5526808858487035,
           1,
           0.21227096130382664,
           0.24226895758538242,
           0.3414446840493759,
           0.17940662082678016,
           0.3327003047367429,
           0.026879517578543496,
           0.1351382834038242,
           -0.14954637872952858,
           -0.03566233777660399,
           -0.13004441858062304,
           -0.07458022581534916,
           -0.05516804388665503,
           0.027673141256863043,
           -0.10183976732449387,
           -0.1980499936219116,
           -0.24212924613122327,
           -0.15808142680001797,
           -0.18511882784156386,
           -0.03834420368708594,
           -0.041503529194050696,
           0.005046877788232417,
           -0.01586473947982366
          ],
          [
           -0.22938456499891138,
           -0.3121791908149186,
           -0.18669954059523944,
           -0.1958060364419052,
           -0.3441778393781039,
           -0.40681708782885045,
           -0.4501319210300844,
           -0.46250086839900867,
           -0.4217707667253037,
           -0.08228730695129774,
           -0.009085791868216134,
           -0.16217263747189173,
           -0.012867821932006893,
           0.11451286979678996,
           0.32191604633268295,
           0.05654281730421997,
           0.4061496546243981,
           0.21227096130382664,
           0.9999999999999999,
           0.4927212006067835,
           0.5319496189451451,
           0.4665357223207643,
           0.32866970511188914,
           0.2137289029871085,
           0.05344804089736408,
           0.0419803526383855,
           0.14502849191185804,
           0.043102486136407554,
           -0.09057887107085005,
           0.03811281946970065,
           0.13680033558483484,
           0.13866703350480475,
           -0.09500499243632012,
           -0.2668853140078918,
           -0.25683434010104655,
           -0.06587867868742181,
           0.001957975641833711,
           -0.04708170962380633,
           -0.09780027984135448,
           -0.03432139170761976
          ],
          [
           -0.24012903286925538,
           -0.28603058064544445,
           -0.21016623209479474,
           -0.20573760936499588,
           -0.4059478953055411,
           -0.4733587096821291,
           -0.45084981415070946,
           -0.5307768425297422,
           -0.49708344385662967,
           -0.08298548661179977,
           -0.11313602126366547,
           -0.22859931272115716,
           -0.004665118913687608,
           0.13140735595295652,
           0.22770282110871395,
           0.034001998561583376,
           0.32727274240300114,
           0.24226895758538242,
           0.4927212006067835,
           1,
           0.5209840638785136,
           0.5064414987376199,
           0.3260575399967962,
           0.25636298691728754,
           0.20041575525904567,
           0.1263509240916572,
           0.33372878732327,
           0.14882820795933435,
           0.03119321125285077,
           -0.018448041337146365,
           0.10934991306115467,
           0.1288102750685798,
           0.049588767212237955,
           -0.2840294156962313,
           -0.19376582944509826,
           -0.12299835673180677,
           0.0006963914394138361,
           -0.07237346613537222,
           -0.25506709859466725,
           -0.0771880285675824
          ],
          [
           -0.4600602080491312,
           -0.4014838400616032,
           -0.5062301349985491,
           -0.5216558820950037,
           -0.6280821938848694,
           -0.7092078443620753,
           -0.7495034820245122,
           -0.7278074615746517,
           -0.6989731971380676,
           -0.1731676179671866,
           -0.20099303425873544,
           -0.37728087885834377,
           -0.1731406573467906,
           0.09657738506465774,
           0.23003496884817062,
           0.14359717407688793,
           0.6377979609986435,
           0.3414446840493759,
           0.5319496189451451,
           0.5209840638785136,
           1.0000000000000002,
           0.7173861575257535,
           0.7112948519944335,
           0.6031991519420913,
           0.33165118152415957,
           0.2115515824880959,
           0.3277617153151014,
           0.12009053910656127,
           0.12154637270522783,
           0.22447639683325218,
           0.3747970020100642,
           0.2723332035281226,
           0.07448547608705174,
           -0.33156015706891,
           -0.17589579960409926,
           -0.12973667726569843,
           0.014046179365273557,
           0.08539294055687699,
           -0.2956002952231108,
           -0.04312712533741117
          ],
          [
           -0.36269314426333976,
           -0.3265307658102614,
           -0.43322364120447315,
           -0.4549842863265433,
           -0.5878023193713363,
           -0.6385188468009324,
           -0.6372195296002393,
           -0.6081748982677323,
           -0.5853908827306447,
           -0.19849210209862392,
           -0.2530891845831502,
           -0.3115092621437717,
           -0.13545327840149685,
           0.07821832840915767,
           0.09592702285335987,
           0.055504175636232195,
           0.48990561048329506,
           0.17940662082678016,
           0.4665357223207643,
           0.5064414987376199,
           0.7173861575257535,
           1.0000000000000002,
           0.45975429359363,
           0.5071780172548132,
           0.2598644191179332,
           0.18253089413382997,
           0.4631562093499851,
           0.3926036419325309,
           0.05260194711633381,
           0.24376076107944333,
           0.26254993434710105,
           0.27561489262873967,
           0.016591971435367177,
           -0.3612301435035278,
           -0.15936804857588766,
           -0.1157924279514954,
           0.006106979866308133,
           0.1058799653055444,
           -0.2910348394077466,
           -0.0015979011979743076
          ],
          [
           -0.4727386820157025,
           -0.25961362506175617,
           -0.3734697444890751,
           -0.3857405554503134,
           -0.565692196083173,
           -0.5265217745433481,
           -0.6585370645334572,
           -0.6096727262295526,
           -0.6235497611326287,
           -0.1356448438029425,
           -0.1042822264041661,
           -0.30625657352346397,
           -0.11053888336699685,
           -0.033768643911869435,
           0.18198615983927816,
           0.33827787991384245,
           0.4762598010444803,
           0.3327003047367429,
           0.32866970511188914,
           0.3260575399967962,
           0.7112948519944335,
           0.45975429359363,
           0.9999999999999999,
           0.6572603653578865,
           0.3502196510056259,
           0.15309220281601968,
           0.09087785259616656,
           -0.09382097693198373,
           0.20571342623944297,
           0.17490850967950206,
           0.4469355221954021,
           0.27420293888513336,
           0.1376426053642793,
           -0.2895799521787837,
           -0.10065178451766885,
           -0.12024152143297043,
           -0.1159019381224398,
           -0.00347770780271042,
           -0.3545275457375346,
           -0.17141630034491462
          ],
          [
           -0.3970393703796206,
           -0.30353382811169394,
           -0.493955035609829,
           -0.4462125048134502,
           -0.5642758885574612,
           -0.4788974430588975,
           -0.5530315109357076,
           -0.534615605760161,
           -0.5634708034691994,
           -0.21533201738401522,
           -0.1943389590221052,
           -0.30621158932193077,
           -0.307821673935596,
           -0.07670312820422115,
           0.11921695743417046,
           0.29220537061902285,
           0.25807603551007824,
           0.026879517578543496,
           0.2137289029871085,
           0.25636298691728754,
           0.6031991519420913,
