"","4468234","4436552","4481131","4457438","4402903","4448331","2829179","4306262","4480861","4476877","4365130","4347159","505670","841635","1071450","4446058","4425214","165118","4481613","4402605","4453609","175844","325850","952003","1000986","4477696","359872","710275","128300","4409730","4387092","4420570","4446320","12574","1696853","1117593","4428714","290455","4396235","177679"
"4468234",1,-0.264426782236981,0.721089693266252,0.605886610466396,0.559787452318729,0.301900065425196,-0.148463963187054,0.253906940927651,0.246285206762506,0.333867973180221,0.608287639464128,0.230133195906846,-0.331685714599987,0.53413425620493,-0.154735877265523,-0.598913645671407,-0.671156769999572,-0.00440598174550432,-0.0320698967436315,0.341210733964122,0.737272590972471,0.544400537514715,0.279873650516589,-0.738404872600386,-0.533953950185272,-0.626670894545843,0.611773237440779,-0.433234943774999,-0.329442736727702,0.216110593734296,-0.463650506694596,-0.56196326610437,0.290052217640971,-0.671514298322056,-0.731011834783433,-0.34781630538894,0.09023588352683,-0.0557800107594981,-0.603812808376823,0.111597790360336
"4436552",-0.264426782236981,1,-0.19860428469265,-0.214988247098271,-0.151633547349686,-0.208676281585928,0.291339417880172,-0.140112836195098,-0.0837415669268002,-0.081356687983892,-0.0594522586946992,-0.160943988022146,0.123469449563094,-0.0624886310895476,-0.1108391501422,-0.00666453182573662,0.102911600129875,0.30093962643999,0.0245291974398191,-0.0809698253897294,-0.242594041956946,-0.161171855970456,-0.288367325627097,0.137038382953277,0.074342849177373,0.172685713523554,-0.177772077508564,-0.11969899442342,-0.0362756064451614,-0.0485188132715499,0.180551829078296,-0.024827992055097,-0.104778525527102,0.174717598059896,0.0936176525644663,-0.0579767678503087,0.00634739667664877,0.207195066827886,0.042009994490838,0.136279974406343
"4481131",0.721089693266252,-0.19860428469265,1,0.751600085523971,0.806959384543816,0.19274332308442,-0.261488104103851,0.2275070851952,0.436637080529861,0.27216438176641,0.367462837535701,0.44028749524522,-0.369766926454648,0.422734613952266,-0.244190590173934,-0.639279125648212,-0.701890835594113,0.0621181650933233,0.205861142483095,0.541083116155153,0.677093809580973,0.470239169374999,0.27940203661338,-0.826019740877216,-0.54144518449303,-0.732096933369093,0.526024366316771,-0.548038586470522,-0.225615693306273,0.507953707020779,-0.676395467753962,-0.600156460342726,0.586692920770584,-0.724380367305656,-0.794028784938501,-0.44598572864403,0.255791980331867,-0.00289270646946935,-0.719843214174665,0.126951340742667
"4457438",0.605886610466396,-0.214988247098271,0.751600085523971,1,0.682978661622075,0.0593587489211109,-0.0321460920518202,0.103776575168046,0.640479670692406,0.160244340075876,0.282231491923057,0.506974982672034,-0.448819880764425,0.316513609369743,-0.369641128067634,-0.664555797080254,-0.387132603791677,-0.0161539346883526,0.483368639060775,0.315868073180126,0.509412471148091,0.330923480238257,0.235650506364463,-0.567944825817008,-0.627160471932956,-0.514079102451558,0.441751553030033,-0.578347086647431,-0.207975530108925,0.442198376852323,-0.468833694313001,-0.635190728415059,0.478062691137963,-0.406527257913491,-0.519545433587458,-0.536866263626805,0.110841846493428,-0.0186162049998755,-0.579915013843053,0.0971049759190812
"4402903",0.559787452318729,-0.151633547349686,0.806959384543816,0.682978661622075,1,0.050169833236624,-0.239760458722495,0.280421347204885,0.342363927357427,0.227680543078203,0.342425840062172,0.335303878793605,-0.406696524494427,0.323392855475596,-0.32260277558616,-0.583028416017216,-0.575264490255629,0.0246212789855733,0.271463721964862,0.619729233794445,0.624536900378485,0.47380597331851,0.325613004776696,-0.700061739940804,-0.535806217622798,-0.66262250449203,0.482512232964616,-0.599578722318784,-0.23413066337419,0.510726384565502,-0.623563875770727,-0.597134644697038,0.48957600974528,-0.603235793039989,-0.689148137130015,-0.46490094136517,0.418511898734453,0.0411628071628603,-0.632321943199141,0.105241948408317
"4448331",0.301900065425196,-0.208676281585928,0.19274332308442,0.0593587489211109,0.050169833236624,1,-0.313052481059619,0.150371817363128,0.0283933893347854,0.0815894526385396,0.0135280472427904,-0.0649042094176892,-0.270321835156209,0.0481399562764576,0.336105985862042,-0.159885027863306,-0.417648413597713,-0.060150734397279,-0.269302042610153,0.123447599234215,0.145271576493642,0.0903196958427276,0.122028032629549,-0.336981016661326,-0.147981445483828,-0.255733563855256,0.321175281156303,0.0546353008326101,-0.0846518418045077,0.0238191629186044,-0.284673351105388,-0.120715260518752,0.0867251142031481,-0.397600865137653,-0.324536732676206,-0.0571690866202862,0.0933387786911366,0.100842144658611,-0.202150218579854,0.141797666440686
"2829179",-0.148463963187054,0.291339417880172,-0.261488104103851,-0.0321460920518202,-0.239760458722495,-0.313052481059619,1,-0.125163698659282,-0.0211993643653831,-0.135643621848747,-0.054455153490256,-0.00588044399115606,0.096833275208783,-0.0862299132684725,-0.135086192445497,0.0259229030903391,0.349965296679853,-0.0126747067797954,0.200578242413688,-0.195479473740811,-0.255201191516667,-0.317216315242129,-0.196316832631696,0.275161563367238,0.00437732284412737,0.286666658514665,-0.103195100249261,-0.0993453277672744,0.0798752428108006,-0.131095343324832,0.294827745087266,-0.0162157517220183,-0.238336009992515,0.332659384817261,0.309425415635267,-0.0527984348959715,-0.237206825330628,-0.0617873852157952,0.126187666501055,-0.0608450124048761
"4306262",0.253906940927651,-0.140112836195098,0.2275070851952,0.103776575168046,0.280421347204885,0.150371817363128,-0.125163698659282,1,-0.0307137327182461,0.14851014972164,0.175252774107818,-0.00335995744228405,-0.12832004001959,0.144943659230593,-0.0181699987325778,-0.184160492812892,-0.293019689698612,-0.177412765726634,-0.114795601498487,0.415032193890179,0.333982007257229,0.191857923702251,0.242533798302995,-0.335838450738627,-0.16967797146648,-0.36596707286624,0.252021786169757,-0.152655865032511,-0.186694060602956,0.0239768640019206,-0.326629065334348,-0.237333673998763,0.136863685084118,-0.315166879077045,-0.336766520462264,-0.238658148572327,0.177830727025771,-0.0383101199020377,-0.309882843805737,-0.0613066563293793
"4480861",0.246285206762506,-0.0837415669268002,0.436637080529861,0.640479670692406,0.342363927357427,0.0283933893347854,-0.0211993643653831,-0.0307137327182461,1,0.124172939575187,0.0620777410425391,0.415404569713829,-0.345446954462257,0.113002790994099,-0.379521463740781,-0.461619895214929,-0.172750958493971,0.0231116206334767,0.513013292781825,0.147096589927805,0.211752231250801,0.146655076837193,0.042879732789625,-0.305053903421734,-0.41261059924013,-0.315358585745192,0.212943705646099,-0.338179209082837,0.00781704851296833,0.285975817527555,-0.291806348153323,-0.435193593871166,0.374460378994695,-0.198180768435972,-0.288938562207232,-0.339205683914916,-0.0176096636946788,0.0522711304856332,-0.387911244522796,0.0914597849417001
"4476877",0.333867973180221,-0.081356687983892,0.27216438176641,0.160244340075876,0.227680543078203,0.0815894526385396,-0.135643621848747,0.14851014972164,0.124172939575187,1,0.303838229462083,0.0741065988963368,-0.1346176644805,0.315098285528933,-0.16905828908963,-0.322578120825772,-0.324366165241363,0.0311744942472409,0.0288781442899892,0.301825607092217,0.422507796683092,0.37115364698063,0.0917147292798928,-0.324729687939407,-0.269592930090645,-0.336662686599787,0.328239590540083,-0.220196489888283,-0.377729223629951,-0.0426310257951439,-0.25644559725891,-0.39693807134669,0.142845318539713,-0.279794203887382,-0.360775126685617,-0.187976888009289,-0.0129727237284874,0.158055306797498,-0.43169841475256,0.0145531476365724
"4365130",0.608287639464128,-0.0594522586946992,0.367462837535701,0.282231491923057,0.342425840062172,0.0135280472427904,-0.054455153490256,0.175252774107818,0.0620777410425391,0.303838229462083,1,-0.0217832058066026,-0.17855538765038,0.399825634701785,-0.214246929654638,-0.429610386784892,-0.462363190297973,0.0903684943843348,-0.0607442661959363,0.210285201109384,0.50925777888296,0.471447360290759,0.137621849695359,-0.404106299037279,-0.325295067472513,-0.364356323328657,0.467578920878704,-0.296617546921458,-0.33020520219568,0.0605583125725476,-0.210193391566857,-0.357120485962456,0.0685079414360814,-0.365826617647208,-0.443848906268748,-0.264109744314934,-0.0356059928500808,-0.0335596361676921,-0.335684792910631,-0.00305487194528703
"4347159",0.230133195906846,-0.160943988022146,0.44028749524522,0.506974982672034,0.335303878793605,-0.0649042094176892,-0.00588044399115606,-0.00335995744228405,0.415404569713829,0.0741065988963368,-0.0217832058066026,1,-0.156735592101788,0.140751741077059,-0.309553631743638,-0.362350047428743,-0.142412326119285,-0.112337175838865,0.461361241879755,0.100583775361019,0.227793761695784,0.0670892595643696,0.0307388788684949,-0.378240266976498,-0.345774839629915,-0.309515761534559,0.140708748746624,-0.327009624993074,0.1481427924055,0.43275537796978,-0.325933293763699,-0.314250239073614,0.459085890620736,-0.221506686872389,-0.32031986748905,-0.318995618263555,-0.0248262841566995,-0.144868409295371,-0.355330289955503,-0.0540745540003571
"505670",-0.331685714599987,0.123469449563094,-0.369766926454648,-0.448819880764425,-0.406696524494427,-0.270321835156209,0.096833275208783,-0.12832004001959,-0.345446954462257,-0.1346176644805,-0.17855538765038,-0.156735592101788,1,-0.1386490213802,0.0983020458605904,0.518560265438362,0.313808266765582,-0.171781312139207,-0.158771307666194,-0.352632011830352,-0.426908495849594,-0.354240602275681,-0.284677349096051,0.311658254977901,0.631291902223567,0.292307865706872,-0.426543140020037,0.268368400278473,0.215251114690111,-0.19017094569403,0.373792941407643,0.381085790912931,-0.248703547770192,0.407247979549027,0.24288738014394,0.267181181985347,-0.302672221630567,-0.251118904605745,0.294826703782678,-0.233186964984908
"841635",0.53413425620493,-0.0624886310895476,0.422734613952266,0.316513609369743,0.323392855475596,0.0481399562764576,-0.0862299132684725,0.144943659230593,0.113002790994099,0.315098285528933,0.399825634701785,0.140751741077059,-0.1386490213802,1,-0.195788689700255,-0.41257597951185,-0.478401871169046,0.0585554189338768,-0.0672871842430225,0.245540424744831,0.418550426030507,0.426604996429561,0.32001477466975,-0.494740704527244,-0.331520161575478,-0.417471879115503,0.428668036178067,-0.317889425743571,-0.276255127895632,0.0669932615910542,-0.302542205801375,-0.421735698167169,0.127432831722468,-0.466563135028725,-0.51664853763836,-0.203660919164641,0.0805852381251585,-0.0250999622924457,-0.486965296495001,0.0272190303107058
"1071450",-0.154735877265523,-0.1108391501422,-0.244190590173934,-0.369641128067634,-0.32260277558616,0.336105985862042,-0.135086192445497,-0.0181699987325778,-0.379521463740781,-0.16905828908963,-0.214246929654638,-0.309553631743638,0.0983020458605904,-0.195788689700255,1,0.334478439060664,0.0387794132422529,-0.034732375085804,-0.404513960460259,-0.1317241600522,-0.234645061326658,-0.188198972255948,-0.0455258997554167,0.127248141007308,0.25773207444154,0.0999128558742362,-0.180954334880434,0.379636885753106,0.0444766124173952,-0.257867198724279,0.0897427793306576,0.366071705495609,-0.207427125865468,0.00405350742837527,0.133212272148926,0.408034881048531,-0.0784031928583924,-0.0754093800296835,0.191439653527581,-0.0802371574595849
"4446058",-0.598913645671407,-0.00666453182573662,-0.639279125648212,-0.664555797080254,-0.583028416017216,-0.159885027863306,0.0259229030903391,-0.184160492812892,-0.461619895214929,-0.322578120825772,-0.429610386784892,-0.362350047428743,0.518560265438362,-0.41257597951185,0.334478439060664,1,0.498566855422003,-0.162736869547343,-0.326411518811031,-0.416460055665684,-0.569786731746494,-0.469276771214355,-0.257922011784019,0.587285752995605,0.761415676672265,0.489691216944065,-0.570450090465497,0.507572570166532,0.251169899808621,-0.315821301281737,0.416404723551996,0.635770485054648,-0.41051624523257,0.474148351600287,0.567725183749278,0.44826326159457,-0.198379885829044,-0.159589126455124,0.613563571324885,-0.196141707304833
"4425214",-0.671156769999572,0.102911600129875,-0.701890835594113,-0.387132603791677,-0.575264490255629,-0.417648413597713,0.349965296679853,-0.293019689698612,-0.172750958493971,-0.324366165241363,-0.462363190297973,-0.142412326119285,0.313808266765582,-0.478401871169046,0.0387794132422529,0.498566855422003,1,-0.183373241433237,0.12419928550043,-0.517723028689321,-0.605740232388048,-0.510882089950413,-0.291247959264805,0.791130921434091,0.377354055855382,0.685080647780122,-0.587269346570002,0.306002761598978,0.365282531054427,-0.331227331105733,0.534157179678646,0.489232530187971,-0.38862984096227,0.787167245691006,0.778870501383052,0.265156580107293,-0.363351056257881,-0.112219565182629,0.581979508999837,-0.241442803176247
"165118",-0.00440598174550432,0.30093962643999,0.0621181650933233,-0.0161539346883526,0.0246212789855733,-0.060150734397279,-0.0126747067797954,-0.177412765726634,0.0231116206334767,0.0311744942472409,0.0903684943843348,-0.112337175838865,-0.171781312139207,0.0585554189338768,-0.034732375085804,-0.162736869547343,-0.183373241433237,1,-0.0330420317485063,-0.0012751245250017,-0.00379187077154909,0.0766664605923182,-0.00370766365329372,-0.132533983022842,-0.0729627913713813,-0.120012793791565,0.0750912170405988,-0.0620616200140984,-0.0867906742831791,0.0310875665581589,-0.0709734783743345,-0.117512318545001,-0.0123131984912752,-0.161566064969029,-0.157218989700557,-0.0325417880846373,0.0477754930480217,0.197697058537336,-0.152988324371221,0.235085842177747
"4481613",-0.0320698967436315,0.0245291974398191,0.205861142483095,0.483368639060775,0.271463721964862,-0.269302042610153,0.200578242413688,-0.114795601498487,0.513013292781825,0.0288781442899892,-0.0607442661959363,0.461361241879755,-0.158771307666194,-0.0672871842430225,-0.404513960460259,-0.326411518811031,0.12419928550043,-0.0330420317485063,1,0.121142606850161,0.0207210860990247,-0.0290635947569476,-0.041000952887866,-0.0383040289865377,-0.304964226037944,-0.104430421059216,0.0830503720890926,-0.409558547872686,0.045111596054007,0.180821057190848,-0.111744656958872,-0.292553817623723,0.25351712633382,0.183117309215012,0.0199903952016306,-0.360221027776412,-0.0826724001755183,-0.0727419535439079,-0.214740251254264,-0.0345164104899625
"4402605",0.341210733964122,-0.0809698253897294,0.541083116155153,0.315868073180126,0.619729233794445,0.123447599234215,-0.195479473740811,0.415032193890179,0.147096589927805,0.301825607092217,0.210285201109384,0.100583775361019,-0.352632011830352,0.245540424744831,-0.1317241600522,-0.416460055665684,-0.517723028689321,-0.0012751245250017,0.121142606850161,1,0.528784970987801,0.36503425395818,0.314549439856749,-0.528703943602784,-0.40102280969924,-0.563926318110191,0.475710772893551,-0.448487489755207,-0.297195990830213,0.202960884392934,-0.517510137827948,-0.496450998231735,0.352406419850213,-0.508959467036781,-0.536353656125617,-0.399131061198888,0.471323850180503,0.119103978524109,-0.530735185679345,0.102456791292424
"4453609",0.737272590972471,-0.242594041956946,0.677093809580973,0.509412471148091,0.624536900378485,0.145271576493642,-0.255201191516667,0.333982007257229,0.211752231250801,0.422507796683092,0.50925777888296,0.227793761695784,-0.426908495849594,0.418550426030507,-0.234645061326658,-0.569786731746494,-0.605740232388048,-0.00379187077154909,0.0207210860990247,0.528784970987801,1,0.695845292261229,0.399745850718077,-0.668559126535883,-0.544916010630091,-0.639549931201627,0.600210655303423,-0.45275239504145,-0.423049278189046,0.239297371058075,-0.581277494093254,-0.576016967182429,0.344622851580828,-0.639598519202654,-0.673130814031171,-0.406861965710467,0.244831862624357,-0.0899041035379446,-0.591636599437009,0.0932914858745269
"175844",0.544400537514715,-0.161171855970456,0.470239169374999,0.330923480238257,0.47380597331851,0.0903196958427276,-0.317216315242129,0.191857923702251,0.146655076837193,0.37115364698063,0.471447360290759,0.0670892595643696,-0.354240602275681,0.426604996429561,-0.188198972255948,-0.469276771214355,-0.510882089950413,0.0766664605923182,-0.0290635947569476,0.36503425395818,0.695845292261229,1,0.355482118027756,-0.48408837747331,-0.418090744324296,-0.509580726578569,0.479861224151521,-0.363916468495955,-0.394387269957515,0.134240576857447,-0.404291954438621,-0.464629423839596,0.166278565842534,-0.503501361914768,-0.511872314532328,-0.292996886812737,0.236646839987631,-0.0177723115699179,-0.49701190255282,0.0368890738520143
"325850",0.279873650516589,-0.288367325627097,0.27940203661338,0.235650506364463,0.325613004776696,0.122028032629549,-0.196316832631696,0.242533798302995,0.042879732789625,0.0917147292798928,0.137621849695359,0.0307388788684949,-0.284677349096051,0.32001477466975,-0.0455258997554167,-0.257922011784019,-0.291247959264805,-0.00370766365329372,-0.041000952887866,0.314549439856749,0.399745850718077,0.355482118027756,1,-0.334668680802818,-0.284999372961018,-0.349865286700717,0.330117390804683,-0.281237098501352,-0.263870375076043,0.052776240602853,-0.295347399607628,-0.259231705982193,0.0866040507645599,-0.348575736134076,-0.312689254782853,-0.221999824653555,0.263216429646704,-0.0709853478384815,-0.319106379860486,0.0373716229229444
"952003",-0.738404872600386,0.137038382953277,-0.826019740877216,-0.567944825817008,-0.700061739940804,-0.336981016661326,0.275161563367238,-0.335838450738627,-0.305053903421734,-0.324729687939407,-0.404106299037279,-0.378240266976498,0.311658254977901,-0.494740704527244,0.127248141007308,0.587285752995605,0.791130921434091,-0.132533983022842,-0.0383040289865377,-0.528703943602784,-0.668559126535883,-0.48408837747331,-0.334668680802818,1,0.477803088791168,0.789585444265302,-0.610895474883885,0.469077936724033,0.195122077718026,-0.49483894897069,0.655943285574226,0.601136898490032,-0.552338581447937,0.81588593051864,0.900336610313242,0.403059655785231,-0.311232424996192,-0.0166399654962934,0.764728904346936,-0.201199616398502
"1000986",-0.533953950185272,0.074342849177373,-0.54144518449303,-0.627160471932956,-0.535806217622798,-0.147981445483828,0.00437732284412737,-0.16967797146648,-0.41261059924013,-0.269592930090645,-0.325295067472513,-0.345774839629915,0.631291902223567,-0.331520161575478,0.25773207444154,0.761415676672265,0.377354055855382,-0.0729627913713813,-0.304964226037944,-0.40102280969924,-0.544916010630091,-0.418090744324296,-0.284999372961018,0.477803088791168,1,0.369420073077028,-0.529855259280765,0.445231813273911,0.260984222822046,-0.28495585126279,0.345683468903941,0.557298759630197,-0.344612008635812,0.442988874050969,0.432061290963386,0.387033214963426,-0.245885975740956,-0.142704999387134,0.457471348234836,-0.14678209454049
"4477696",-0.626670894545843,0.172685713523554,-0.732096933369093,-0.514079102451558,-0.66262250449203,-0.255733563855256,0.286666658514665,-0.36596707286624,-0.315358585745192,-0.336662686599787,-0.364356323328657,-0.309515761534559,0.292307865706872,-0.417471879115503,0.0999128558742362,0.489691216944065,0.685080647780122,-0.120012793791565,-0.104430421059216,-0.563926318110191,-0.639549931201627,-0.509580726578569,-0.349865286700717,0.789585444265302,0.369420073077028,1,-0.587795841661213,0.418233018722202,0.169752874648376,-0.337919013857148,0.660375380076473,0.566992514799251,-0.382008109214631,0.690366762176484,0.810511527218424,0.364451188754557,-0.244973901078867,-0.109940105284727,0.740287154861716,-0.246194534258099
"359872",0.611773237440779,-0.177772077508564,0.526024366316771,0.441751553030033,0.482512232964616,0.321175281156303,-0.103195100249261,0.252021786169757,0.212943705646099,0.328239590540083,0.467578920878704,0.140708748746624,-0.426543140020037,0.428668036178067,-0.180954334880434,-0.570450090465497,-0.587269346570002,0.0750912170405988,0.0830503720890926,0.475710772893551,0.600210655303423,0.479861224151521,0.330117390804683,-0.610895474883885,-0.529855259280765,-0.587795841661213,1,-0.344826917261292,-0.315026177264706,0.14953902259343,-0.455082930063605,-0.530220928743531,0.206623027880325,-0.592120508119564,-0.624959171767957,-0.384993103997618,0.155802951342958,0.0846725166441885,-0.567710343635162,0.157253972668037
"710275",-0.433234943774999,-0.11969899442342,-0.548038586470522,-0.578347086647431,-0.599578722318784,0.0546353008326101,-0.0993453277672744,-0.152655865032511,-0.338179209082837,-0.220196489888283,-0.296617546921458,-0.327009624993074,0.268368400278473,-0.317889425743571,0.379636885753106,0.507572570166532,0.306002761598978,-0.0620616200140984,-0.409558547872686,-0.448487489755207,-0.45275239504145,-0.363916468495955,-0.281237098501352,0.469077936724033,0.445231813273911,0.418233018722202,-0.344826917261292,1,0.192575618757669,-0.296152390772048,0.334455654878824,0.633838104206204,-0.316909469113427,0.276442029830373,0.43046268897616,0.509438870434525,-0.255066727084231,-0.0133750429747861,0.593801756184761,-0.100933770061404
"128300",-0.329442736727702,-0.0362756064451614,-0.225615693306273,-0.207975530108925,-0.23413066337419,-0.0846518418045077,0.0798752428108006,-0.186694060602956,0.00781704851296833,-0.377729223629951,-0.33020520219568,0.1481427924055,0.215251114690111,-0.276255127895632,0.0444766124173952,0.251169899808621,0.365282531054427,-0.0867906742831791,0.045111596054007,-0.297195990830213,-0.423049278189046,-0.394387269957515,-0.263870375076043,0.195122077718026,0.260984222822046,0.169752874648376,-0.315026177264706,0.192575618757669,1,-0.00992215646377773,0.191835108113484,0.334068299304796,-0.0742110388544493,0.256385516750767,0.233344612775667,0.186517262354628,-0.183052022516945,-0.111935517052969,0.207453493180061,-0.119368440383535
"4409730",0.216110593734296,-0.0485188132715499,0.507953707020779,0.442198376852323,0.510726384565502,0.0238191629186044,-0.131095343324832,0.0239768640019206,0.285975817527555,-0.0426310257951439,0.0605583125725476,0.43275537796978,-0.19017094569403,0.0669932615910542,-0.257867198724279,-0.315821301281737,-0.331227331105733,0.0310875665581589,0.180821057190848,0.202960884392934,0.239297371058075,0.134240576857447,0.052776240602853,-0.49483894897069,-0.28495585126279,-0.337919013857148,0.14953902259343,-0.296152390772048,-0.00992215646377773,1,-0.358873042698889,-0.384668916361682,0.545708897508553,-0.39248732393857,-0.415664502110616,-0.305092223838296,0.291521277357072,0.0578708049048808,-0.392925056250638,0.1044807233407
"4387092",-0.463650506694596,0.180551829078296,-0.676395467753962,-0.468833694313001,-0.623563875770727,-0.284673351105388,0.294827745087266,-0.326629065334348,-0.291806348153323,-0.25644559725891,-0.210193391566857,-0.325933293763699,0.373792941407643,-0.302542205801375,0.0897427793306576,0.416404723551996,0.534157179678646,-0.0709734783743345,-0.111744656958872,-0.517510137827948,-0.581277494093254,-0.404291954438621,-0.295347399607628,0.655943285574226,0.345683468903941,0.660375380076473,-0.455082930063605,0.334455654878824,0.191835108113484,-0.358873042698889,1,0.444632809111551,-0.47936404268819,0.591649752396671,0.669490941422949,0.379284971875437,-0.33842030446113,-0.0499698144753075,0.625094418644395,-0.210328258110989
"4420570",-0.56196326610437,-0.024827992055097,-0.600156460342726,-0.635190728415059,-0.597134644697038,-0.120715260518752,-0.0162157517220183,-0.237333673998763,-0.435193593871166,-0.39693807134669,-0.357120485962456,-0.314250239073614,0.381085790912931,-0.421735698167169,0.366071705495609,0.635770485054648,0.489232530187971,-0.117512318545001,-0.292553817623723,-0.496450998231735,-0.576016967182429,-0.464629423839596,-0.259231705982193,0.601136898490032,0.557298759630197,0.566992514799251,-0.530220928743531,0.633838104206204,0.334068299304796,-0.384668916361682,0.444632809111551,1,-0.414732932844293,0.438182349186693,0.582696281094732,0.547916769807967,-0.251920972405002,-0.137335537825041,0.710213229611425,-0.260545615377297
"4446320",0.290052217640971,-0.104778525527102,0.586692920770584,0.478062691137963,0.48957600974528,0.0867251142031481,-0.238336009992515,0.136863685084118,0.374460378994695,0.142845318539713,0.0685079414360814,0.459085890620736,-0.248703547770192,0.127432831722468,-0.207427125865468,-0.41051624523257,-0.38862984096227,-0.0123131984912752,0.25351712633382,0.352406419850213,0.344622851580828,0.166278565842534,0.0866040507645599,-0.552338581447937,-0.344612008635812,-0.382008109214631,0.206623027880325,-0.316909469113427,-0.0742110388544493,0.545708897508553,-0.47936404268819,-0.414732932844293,1,-0.434434055330614,-0.499766775973851,-0.400706481709195,0.163146163353628,0.0152877815241317,-0.468185299011279,0.147250895982751
"12574",-0.671514298322056,0.174717598059896,-0.724380367305656,-0.406527257913491,-0.603235793039989,-0.397600865137653,0.332659384817261,-0.315166879077045,-0.198180768435972,-0.279794203887382,-0.365826617647208,-0.221506686872389,0.407247979549027,-0.466563135028725,0.00405350742837527,0.474148351600287,0.787167245691006,-0.161566064969029,0.183117309215012,-0.508959467036781,-0.639598519202654,-0.503501361914768,-0.348575736134076,0.81588593051864,0.442988874050969,0.690366762176484,-0.592120508119564,0.276442029830373,0.256385516750767,-0.39248732393857,0.591649752396671,0.438182349186693,-0.434434055330614,1,0.809927215302295,0.266012578985706,-0.350859634359404,-0.102652021422919,0.60457363234208,-0.204310753561859
"1696853",-0.731011834783433,0.0936176525644663,-0.794028784938501,-0.519545433587458,-0.689148137130015,-0.324536732676206,0.309425415635267,-0.336766520462264,-0.288938562207232,-0.360775126685617,-0.443848906268748,-0.32031986748905,0.24288738014394,-0.51664853763836,0.133212272148926,0.567725183749278,0.778870501383052,-0.157218989700557,0.0199903952016306,-0.536353656125617,-0.673130814031171,-0.511872314532328,-0.312689254782853,0.900336610313242,0.432061290963386,0.810511527218424,-0.624959171767957,0.43046268897616,0.233344612775667,-0.415664502110616,0.669490941422949,0.582696281094732,-0.499766775973851,0.809927215302295,1,0.416972669886639,-0.288789947523315,-0.0772596373448343,0.766394643365571,-0.208527613285373
"1117593",-0.34781630538894,-0.0579767678503087,-0.44598572864403,-0.536866263626805,-0.46490094136517,-0.0571690866202862,-0.0527984348959715,-0.238658148572327,-0.339205683914916,-0.187976888009289,-0.264109744314934,-0.318995618263555,0.267181181985347,-0.203660919164641,0.408034881048531,0.44826326159457,0.265156580107293,-0.0325417880846373,-0.360221027776412,-0.399131061198888,-0.406861965710467,-0.292996886812737,-0.221999824653555,0.403059655785231,0.387033214963426,0.364451188754557,-0.384993103997618,0.509438870434525,0.186517262354628,-0.305092223838296,0.379284971875437,0.547916769807967,-0.400706481709195,0.266012578985706,0.416972669886639,1,-0.166833778115526,-0.0519023539026116,0.425662018500633,-0.0882991599682137
"4428714",0.09023588352683,0.00634739667664877,0.255791980331867,0.110841846493428,0.418511898734453,0.0933387786911366,-0.237206825330628,0.177830727025771,-0.0176096636946788,-0.0129727237284874,-0.0356059928500808,-0.0248262841566995,-0.302672221630567,0.0805852381251585,-0.0784031928583924,-0.198379885829044,-0.363351056257881,0.0477754930480217,-0.0826724001755183,0.471323850180503,0.244831862624357,0.236646839987631,0.263216429646704,-0.311232424996192,-0.245885975740956,-0.244973901078867,0.155802951342958,-0.255066727084231,-0.183052022516945,0.291521277357072,-0.33842030446113,-0.251920972405002,0.163146163353628,-0.350859634359404,-0.288789947523315,-0.166833778115526,1,0.221240092657547,-0.225309755385945,0.214504456586029
"290455",-0.0557800107594981,0.207195066827886,-0.00289270646946935,-0.0186162049998755,0.0411628071628603,0.100842144658611,-0.0617873852157952,-0.0383101199020377,0.0522711304856332,0.158055306797498,-0.0335596361676921,-0.144868409295371,-0.251118904605745,-0.0250999622924457,-0.0754093800296835,-0.159589126455124,-0.112219565182629,0.197697058537336,-0.0727419535439079,0.119103978524109,-0.0899041035379446,-0.0177723115699179,-0.0709853478384815,-0.0166399654962934,-0.142704999387134,-0.109940105284727,0.0846725166441885,-0.0133750429747861,-0.111935517052969,0.0578708049048808,-0.0499698144753075,-0.137335537825041,0.0152877815241317,-0.102652021422919,-0.0772596373448343,-0.0519023539026116,0.221240092657547,1,-0.0609159896471591,0.293631207685196
"4396235",-0.603812808376823,0.042009994490838,-0.719843214174665,-0.579915013843053,-0.632321943199141,-0.202150218579854,0.126187666501055,-0.309882843805737,-0.387911244522796,-0.43169841475256,-0.335684792910631,-0.355330289955503,0.294826703782678,-0.486965296495001,0.191439653527581,0.613563571324885,0.581979508999837,-0.152988324371221,-0.214740251254264,-0.530735185679345,-0.591636599437009,-0.49701190255282,-0.319106379860486,0.764728904346936,0.457471348234836,0.740287154861716,-0.567710343635162,0.593801756184761,0.207453493180061,-0.392925056250638,0.625094418644395,0.710213229611425,-0.468185299011279,0.60457363234208,0.766394643365571,0.425662018500633,-0.225309755385945,-0.0609159896471591,1,-0.21417255173766
"177679",0.111597790360336,0.136279974406343,0.126951340742667,0.0971049759190812,0.105241948408317,0.141797666440686,-0.0608450124048761,-0.0613066563293793,0.0914597849417001,0.0145531476365724,-0.00305487194528703,-0.0540745540003571,-0.233186964984908,0.0272190303107058,-0.0802371574595849,-0.196141707304833,-0.241442803176247,0.235085842177747,-0.0345164104899625,0.102456791292424,0.0932914858745269,0.0368890738520143,0.0373716229229444,-0.201199616398502,-0.14678209454049,-0.246194534258099,0.157253972668037,-0.100933770061404,-0.119368440383535,0.1044807233407,-0.210328258110989,-0.260545615377297,0.147250895982751,-0.204310753561859,-0.208527613285373,-0.0882991599682137,0.214504456586029,0.293631207685196,-0.21417255173766,1
