"","4468234","4436552","4481131","4457438","4402903","4448331","2829179","4306262","4480861","4476877","4365130","4347159","505670","841635","1071450","4446058","4425214","165118","4481613","4402605","4453609","175844","325850","952003","1000986","4477696","359872","710275","128300","4409730","4387092","4420570","4446320","12574","1696853","1117593","4428714","290455","4396235","177679"
"4468234",6.31955841948163,-1.53427066020713,3.77939541216102,2.3921672576946,2.53823944221594,2.3316754085757,-0.597782450347209,1.45527818622859,0.964347360219145,1.56858732828467,2.46505620029095,1.28731690801927,-1.7818180167646,2.80943103139256,-0.869586080252728,-3.71395931791015,-4.07246809663038,-0.0256353991927567,-0.124293960270449,1.47354723297951,4.14454877886291,3.05519432283609,1.2553612235335,-4.47171494795088,-2.96150858190558,-3.52362166594408,2.84413071462342,-2.05843456651292,-1.68913016117564,0.923058597454348,-1.98556876187886,-2.55952863827211,1.26162850406679,-3.35701445119791,-3.95140683207284,-1.28226074660465,0.418496441160856,-0.180895604534039,-3.03902595418259,0.492906123726013
"4436552",-1.53427066020713,5.32729009798372,-0.955721737973764,-0.779335953812357,-0.63126909921678,-1.47974806811851,1.07703834731435,-0.737325370485343,-0.301055148991165,-0.350943343090679,-0.221205539959326,-0.826591186480866,0.608984021477785,-0.301771874839347,-0.571905867147857,-0.0379448104171553,0.573334206243488,1.60763175365885,0.0872862046663083,-0.321051265446432,-1.25210025546552,-0.830461124507897,-1.18757912196891,0.761958976745779,0.378580464789797,0.89148894815973,-0.758808929211177,-0.522172380302441,-0.170768462514742,-0.190271259098692,0.709914247610616,-0.103825365826334,-0.418444045185077,0.801944667681763,0.464616781992133,-0.196241211895497,0.0270282508712621,0.61693390510444,0.194130833618496,0.552650374244488
"4481131",3.77939541216102,-0.955721737973764,4.34689704256503,2.46112299412096,3.0346416630219,1.23461212583492,-0.873213332394879,1.08146553430475,1.41795384466892,1.06050211859613,1.23503017407187,2.04262605070844,-1.64744510634812,1.84408979040196,-1.13814289808348,-3.28783313680101,-3.53223506849932,0.299752159309073,0.66171831220699,1.93799061382179,3.15678002861128,2.18869580302643,1.0393996713156,-4.14874072608105,-2.49063448942877,-3.41400887152624,2.02820220407726,-2.15958864650539,-0.95939796982588,1.79938319371807,-2.40237717134445,-2.2670592004424,2.11647167487565,-3.00338445181794,-3.5596712871356,-1.36362100432164,0.983888147627187,-0.00778036726658623,-3.00480513900972,0.465042045760994
"4457438",2.3921672576946,-0.779335953812357,2.46112299412096,2.46668470215503,1.93477299880782,0.286419826881754,-0.0808655880311589,0.371607297740558,1.56680147848093,0.470359688728874,0.714556803777631,1.77176528295284,-1.5063369123679,1.04009686016924,-1.29782249802432,-2.57464786329076,-1.46759734624405,-0.0587204219381843,1.17042715128766,0.852237345389273,1.78909002070648,1.16027605543961,0.660371813756141,-2.14881565139275,-2.17320814325317,-1.80589772485995,1.28307078600339,-1.71678374878775,-0.666206511905024,1.18000490635394,-1.25437232251636,-1.80746405509256,1.29913297960892,-1.26969985732613,-1.75454424379754,-1.23653375922339,0.321166101413767,-0.037718466462609,-1.82351732672987,0.267956043586409
"4402903",2.53823944221594,-0.63126909921678,3.0346416630219,1.93477299880782,3.25336001648929,0.278016286859606,-0.692663603729633,1.15320154050364,0.961846712896353,0.767507373138385,0.995650828339103,1.34575957407562,-1.56758007904023,1.22045300267069,-1.30080546668654,-2.59409186800034,-2.50451696780494,0.102785226287823,0.75489571370853,1.92028661797772,2.5190104323888,1.9078468997181,1.04792725348011,-3.0418556196886,-2.13225743129842,-2.67324414802837,1.60949674349248,-2.04400755144269,-0.861319285328574,1.56517969675063,-1.91601028784097,-1.9514032778712,1.52791124260001,-2.16375330842754,-2.67277635664593,-1.22972933043386,1.39265325999872,0.0957805002866083,-2.28345804777952,0.333518703556249
"4448331",2.3316754085757,-1.47974806811851,1.23461212583492,0.286419826881754,0.278016286859606,9.43893591597653,-1.54048478624543,1.05330961184585,0.135872184968705,0.468474669508787,0.0669994283219923,-0.443707961481672,-1.77474457834656,0.30945092623448,2.30842600000341,-1.21171053364742,-3.09715331208973,-0.427716966079898,-1.27558752696721,0.651541640416951,0.99804004811658,0.619470902536675,0.668935830716398,-2.49403845835498,-1.00307777796414,-1.75733933623068,1.82481710537192,0.317252518664823,-0.530441804384963,0.124336277939332,-1.48990699453592,-0.671942937371689,0.461018480433529,-2.4292008220553,-2.14392382326544,-0.257576249897394,0.529045178116882,0.399677450516736,-1.24343891605794,0.765413035253324
"2829179",-0.597782450347209,1.07703834731435,-0.873213332394879,-0.0808655880311589,-0.692663603729633,-1.54048478624543,2.56541417166737,-0.457072626848337,-0.0528875424773895,-0.406039886172407,-0.140602226606434,-0.0209580899969626,0.33143363373293,-0.288975664269793,-0.4836908777848,0.10242169260813,1.35298840473099,-0.0469862397611693,0.495303804533889,-0.537870735459335,-0.914044295653606,-1.13425626673377,-0.561047477433692,1.06170216785406,0.0154686762013719,1.02698076530323,-0.305670504355057,-0.300743613011293,0.260934046588763,-0.356759756443199,0.804447899558925,-0.0470570317966108,-0.660511441567303,1.05957842032231,1.06566008580643,-0.124017461399343,-0.700930654137399,-0.127668752752249,0.404654501019933,-0.171225711834214
"4306262",1.45527818622859,-0.737325370485343,1.08146553430475,0.371607297740558,1.15320154050364,1.05330961184585,-0.457072626848337,5.19823800344001,-0.109071800817285,0.632812123823648,0.644120984810256,-0.0170460867741584,-0.625195406723687,0.691435825446094,-0.0926107003139004,-1.0357480302474,-1.61255758762374,-0.93619640894307,-0.403517547801104,1.62557823526627,1.70277376651314,0.976528104368879,0.986651269462739,-1.84456807960603,-0.853531136628263,-1.86627858664769,1.06262952057886,-0.65782715278647,-0.868157247180577,0.0928817327305611,-1.26862637016358,-0.980383833351256,0.539918545289195,-1.4289703943269,-1.6509767662683,-0.79797151866601,0.748004157447863,-0.112680209402236,-1.41453707311765,-0.245584505077893
"4480861",0.964347360219145,-0.301055148991165,1.41795384466892,1.56680147848093,0.961846712896353,0.135872184968705,-0.0528875424773895,-0.109071800817285,2.42607155580259,0.361467570865301,0.155869870646113,1.43974610104096,-1.14981079965854,0.368269328326375,-1.32149747197943,-1.77364169096418,-0.649475267872946,0.0833174995571329,1.23193989348721,0.393597578286704,0.737540033002521,0.509947927816356,0.119170072645656,-1.14462856711343,-1.41794050347505,-1.09865881098858,0.613383828545638,-0.995563413834166,0.024833299338026,0.75681714483526,-0.774278794199211,-1.22812619784812,1.00918226844824,-0.613857958878962,-0.967701205931555,-0.774814906574634,-0.0506025022320234,0.105031544053102,-1.20968666501851,0.250292150923934
"4476877",1.56858732828467,-0.350943343090679,1.06050211859613,0.470359688728874,0.767507373138385,0.468474669508787,-0.406039886172407,0.632812123823648,0.361467570865301,3.49285977166976,0.915392729814522,0.308184147388026,-0.537632902282999,1.23214322104417,-0.706326069854126,-1.48715094141042,-1.46324305210683,0.134847846853539,0.0832087417602799,0.969046612766816,1.76575767598431,1.54853574273892,0.305839091097181,-1.46200467524648,-1.11164187818874,-1.40731702202281,1.13448105757295,-0.777805819123187,-1.43982919191072,-0.135371177557396,-0.816463264214395,-1.34407043794468,0.461921867913417,-1.03988153999145,-1.44981014673426,-0.515202633385572,-0.044729173371255,0.3810708348551,-1.61532438934133,0.0477873295449437
"4365130",2.46505620029095,-0.221205539959326,1.23503017407187,0.714556803777631,0.995650828339103,0.0669994283219923,-0.140602226606434,0.644120984810256,0.155869870646113,0.915392729814522,2.59865684386036,-0.0781374259058164,-0.615092792699805,1.34855815327761,-0.772088822419163,-1.7083576922278,-1.79907002537084,0.337167370033612,-0.150969374203248,0.582346121083133,1.83576860674271,1.69662007734399,0.395845022608211,-1.56930109665791,-1.1569584712556,-1.31373314991036,1.39394328112475,-0.903735884512186,-1.0856708852363,0.165866271033653,-0.577223961797345,-1.04303271342378,0.191085318518221,-1.17274704868493,-1.5384861572733,-0.624369867225993,-0.105892864139753,-0.0697907338690399,-1.08341502921835,-0.00865232310142172
"4347159",1.28731690801927,-0.826591186480866,2.04262605070844,1.77176528295284,1.34575957407562,-0.443707961481672,-0.0209580899969626,-0.0170460867741584,1.43974610104096,0.308184147388026,-0.0781374259058164,4.95137337136672,-0.745287229181802,0.655301543268212,-1.5398447379156,-1.9889356328316,-0.764893142713543,-0.578549289434209,1.58275262865359,0.384493303907539,1.13347113520852,0.333267346555108,0.122043370353316,-2.02752767480407,-1.69754795661519,-1.54046554341369,0.579028114094119,-1.37528781471392,0.672331064927004,1.63612002734326,-1.23549897736636,-1.26691405413854,1.76753783804481,-0.98017644044516,-1.53260658203578,-1.04095174964338,-0.101916309258978,-0.415855628544824,-1.58301047994006,-0.21140781427118
"505670",-1.7818180167646,0.608984021477785,-1.64744510634812,-1.5063369123679,-1.56758007904023,-1.77474457834656,0.33143363373293,-0.625195406723687,-1.14981079965854,-0.537632902282999,-0.615092792699805,-0.745287229181802,4.5665311502662,-0.619918500668203,0.469606349162155,2.73351848977064,1.61863132685609,-0.849616919898389,-0.523087487562443,-1.29453249657478,-2.04001711090685,-1.68992906878377,-1.08544908288926,1.60438294989771,2.97638602028732,1.39714054120375,-1.68566739076674,1.08391396269829,0.938163288973327,-0.690473836947523,1.36073994777915,1.47545057880314,-0.919574942220116,1.73063997320721,1.11604610114075,0.837301988452685,-1.19325951050964,-0.692275042109355,1.26138816125886,-0.875513271716692
"841635",2.80943103139256,-0.301771874839347,1.84408979040196,1.04009686016924,1.22045300267069,0.30945092623448,-0.288975664269793,0.691435825446094,0.368269328326375,1.23214322104417,1.34855815327761,0.655301543268212,-0.619918500668203,4.37773182225148,-0.915778341137226,-2.1294040890859,-2.41606044536454,0.283560474133873,-0.217053118147093,0.882562741688,1.95829522597546,1.99263356202345,1.19469745085009,-2.49366672945052,-1.53038375615009,-1.95370138385967,1.6586753462317,-1.25710304871939,-1.1788939479514,0.23815820453448,-1.07835404586592,-1.59872453243293,0.461336531615936,-1.9412862440741,-2.32436192676737,-0.624906899573357,0.311063602929344,-0.067749126462181,-2.03991142560172,0.100060455955562
"1071450",-0.869586080252728,-0.571905867147857,-1.13814289808348,-1.29782249802432,-1.30080546668654,2.30842600000341,-0.4836908777848,-0.0926107003139004,-1.32149747197943,-0.706326069854126,-0.772088822419163,-1.5398447379156,0.469606349162155,-0.915778341137226,4.99754119390608,1.84448822336095,0.209252075329604,-0.179707705205046,-1.39418627637875,-0.505873161573734,-1.17299297010319,-0.939230885320954,-0.181593399899277,0.685276483958047,1.27119590712393,0.499581036677871,-0.748105580197979,1.60404598515693,0.202791480654942,-0.979454221689003,0.341765746403717,1.48269919811718,-0.802334887484559,0.0180203716880925,0.640333759463822,1.33769937878543,-0.323356107376348,-0.217475138346191,0.85683818443215,-0.31515120905012
"4446058",-3.71395931791015,-0.0379448104171553,-3.28783313680101,-2.57464786329076,-2.59409186800034,-1.21171053364742,0.10242169260813,-1.0357480302474,-1.77364169096418,-1.48715094141042,-1.7083576922278,-1.9889356328316,2.73351848977064,-2.1294040890859,1.84448822336095,6.08497972068196,2.96854283462732,-0.929115167430707,-1.24137827763435,-1.76482208657916,-3.14302401713481,-2.58425610977433,-1.13522332537473,3.4899180104216,4.14397576663019,2.70183151368988,-2.60233338012565,2.36645327035441,1.26367959604176,-1.32367337999653,1.74983073880907,2.84144090877407,-1.75215229297342,2.32593938480916,3.01128387825949,1.62160755070442,-0.902809938419506,-0.50785404898552,3.03024578376896,-0.850089732049161
"4425214",-4.07246809663038,0.573334206243488,-3.53223506849932,-1.46759734624405,-2.50451696780494,-3.09715331208973,1.35298840473099,-1.61255758762374,-0.649475267872946,-1.46324305210683,-1.79907002537084,-0.764893142713543,1.61863132685609,-2.41606044536454,0.209252075329604,2.96854283462732,5.82613707091494,-1.02442539444435,0.462187870832094,-2.14677160343299,-3.26950923951546,-2.75288426478493,-1.25434375158608,4.60018078282003,2.00957952172614,3.69860906197776,-2.62146095334544,1.39600160001491,1.7982872523625,-1.35839590285288,2.1963939846936,2.1395102642864,-1.62307440646477,3.77843489652239,4.04240271356653,0.938589737948833,-1.61802751907139,-0.349433859318148,2.81246265338118,-1.02392905169753
"165118",-0.0256353991927567,1.60763175365885,0.299752159309073,-0.0587204219381843,0.102785226287823,-0.427716966079898,-0.0469862397611693,-0.93619640894307,0.0833174995571329,0.134847846853539,0.337167370033612,-0.578549289434209,-0.849616919898389,0.283560474133873,-0.179707705205046,-0.929115167430707,-1.02442539444435,5.35683228436752,-0.117904360360866,-0.00506996117202039,-0.0196251666289399,0.396128751532974,-0.015311498105725,-0.738954104451574,-0.372581503229345,-0.621280826898852,0.321409625973835,-0.271485946843852,-0.409700883426242,0.122250488032136,-0.279834297061147,-0.492772108840945,-0.0493102087258092,-0.74363316808257,-0.782425502953356,-0.11045324532995,0.203999136961001,0.59028301453266,-0.708926211504131,0.955973274709086
"4481613",-0.124293960270449,0.0872862046663083,0.66171831220699,1.17042715128766,0.75489571370853,-1.27558752696721,0.495303804533889,-0.403517547801104,1.23193989348721,0.0832087417602799,-0.150969374203248,1.58275262865359,-0.523087487562443,-0.217053118147093,-1.39418627637875,-1.24137827763435,0.462187870832094,-0.117904360360866,2.37693986995448,0.320851461963991,0.071437691700238,-0.100031171189347,-0.112788904530077,-0.142262273917869,-1.03734643841571,-0.360116074543355,0.236791654365297,-1.19342550039187,0.14185253578716,0.473661352258197,-0.293485528040557,-0.817190983558222,0.676282791818656,0.561426716794016,0.0662696153200714,-0.814443951330635,-0.235146636915131,-0.14467720566643,-0.662843918437358,-0.0934974948365951
"4402605",1.47354723297951,-0.321051265446432,1.93799061382179,0.852237345389273,1.92028661797772,0.651541640416951,-0.537870735459335,1.62557823526627,0.393597578286704,0.969046612766816,0.582346121083133,0.384493303907539,-1.29453249657478,0.882562741688,-0.505873161573734,-1.76482208657916,-2.14677160343299,-0.00506996117202039,0.320851461963991,2.95118217898336,2.03134136932366,1.39993720620919,0.964162545829061,-2.18799714390491,-1.51996263044064,-2.16683954982404,1.51132096836026,-1.45619174315024,-1.04131175166649,0.592407032244671,-1.51449449186703,-1.54519429819694,1.04749933761536,-1.73874457022162,-1.98122238903814,-1.00553358380524,1.49377970360664,0.263955267268049,-1.82542759657552,0.30924594394132
"4453609",4.14454877886291,-1.25210025546552,3.15678002861128,1.78909002070648,2.5190104323888,0.99804004811658,-0.914044295653606,1.70277376651314,0.737540033002521,1.76575767598431,1.83576860674271,1.13347113520852,-2.04001711090685,1.95829522597546,-1.17299297010319,-3.14302401713481,-3.26950923951546,-0.0196251666289399,0.071437691700238,2.03134136932366,5.00047891448312,3.4737248869606,1.59497211793209,-3.60148668102106,-2.68844523362362,-3.19879668595636,2.48213393804668,-1.91353661920477,-1.92946351985602,0.909187751577376,-2.21431873658743,-2.33372551883957,1.33340416570707,-2.84425041226423,-3.23660159523694,-1.33424608365152,1.01004998020328,-0.259353055718862,-2.64880235425642,0.366532983578353
"175844",3.05519432283609,-0.830461124507897,2.18869580302643,1.16027605543961,1.9078468997181,0.619470902536675,-1.13425626673377,0.976528104368879,0.509947927816356,1.54853574273892,1.69662007734399,0.333267346555108,-1.68992906878377,1.99263356202345,-0.939230885320954,-2.58425610977433,-2.75288426478493,0.396128751532974,-0.100031171189347,1.39993720620919,3.4737248869606,4.98372251006076,1.41598292528918,-2.60338125444478,-2.05927005910997,-2.5444639429241,1.98110865660292,-1.53549659276521,-1.79572416993566,0.509179118700666,-1.53752735682552,-1.87928364624039,0.642281084996645,-2.23528115190567,-2.45709834331643,-0.959230492677239,0.974645683770733,-0.0511831368744691,-2.22142900130326,0.14469047089038
"325850",1.2553612235335,-1.18757912196891,1.0393996713156,0.660371813756141,1.04792725348011,0.668935830716398,-0.561047477433692,0.986651269462739,0.119170072645656,0.305839091097181,0.395845022608211,0.122043370353316,-1.08544908288926,1.19469745085009,-0.181593399899277,-1.13522332537473,-1.25434375158608,-0.015311498105725,-0.112788904530077,0.964162545829061,1.59497211793209,1.41598292528918,3.18365985753421,-1.43851565856543,-1.12194885711205,-1.39627372564427,1.08929985572941,-0.948431916995407,-0.960270922522425,0.15999692297474,-0.897733245617264,-0.83803112220815,0.267370490259962,-1.23684439093399,-1.19966575000776,-0.580896828930984,0.86645388303346,-0.163394750566761,-1.13995455749779,0.117157619988984
"952003",-4.47171494795088,0.761958976745779,-4.14874072608105,-2.14881565139275,-3.0418556196886,-2.49403845835498,1.06170216785406,-1.84456807960603,-1.14462856711343,-1.46200467524648,-1.56930109665791,-2.02752767480407,1.60438294989771,-2.49366672945052,0.685276483958047,3.4899180104216,4.60018078282003,-0.738954104451574,-0.142262273917869,-2.18799714390491,-3.60148668102106,-2.60338125444478,-1.43851565856543,5.8032647268788,2.5395160929161,4.25443316445613,-2.7215656241917,2.13575493449807,0.958699313078378,-2.02539584928173,2.69186520231242,2.62372477470547,-2.30225543580642,3.90859088657886,4.66364058612369,1.42392975167869,-1.38321648251648,-0.0517123967400257,3.68835247928157,-0.851586153016731
"1000986",-2.96150858190558,0.378580464789797,-2.49063448942877,-2.17320814325317,-2.13225743129842,-1.00307777796414,0.0154686762013719,-0.853531136628263,-1.41794050347505,-1.11164187818874,-1.1569584712556,-1.69754795661519,2.97638602028732,-1.53038375615009,1.27119590712393,4.14397576663019,2.00957952172614,-0.372581503229345,-1.03734643841571,-1.51996263044064,-2.68844523362362,-2.05927005910997,-1.12194885711205,2.5395160929161,4.86778794138818,1.82302529992596,-2.16191585333104,1.85661662471361,1.17441041066485,-1.06820167142038,1.29925759170794,2.22773024176163,-1.31555245127591,1.94362834495187,2.04972291372816,1.25226749075483,-1.00084935159466,-0.406173015705968,2.02077725829872,-0.568989376148287
"4477696",-3.52362166594408,0.89148894815973,-3.41400887152624,-1.80589772485995,-2.67324414802837,-1.75733933623068,1.02698076530323,-1.86627858664769,-1.09865881098858,-1.40731702202281,-1.31373314991036,-1.54046554341369,1.39714054120375,-1.95370138385967,0.499581036677871,2.70183151368988,3.69860906197776,-0.621280826898852,-0.360116074543355,-2.16683954982404,-3.19879668595636,-2.5444639429241,-1.39627372564427,4.25443316445613,1.82302529992596,5.00279562494851,-2.43135627151158,1.76805153001605,0.77439641086344,-1.284188742761,2.5162169338749,2.29769513676424,-1.47839640760335,3.07072436289831,3.89806923411165,1.1954427853992,-1.01087004315903,-0.31722585998178,3.31508994236925,-0.967497918400033
"359872",2.84413071462342,-0.758808929211177,2.02820220407726,1.28307078600339,1.60949674349248,1.82481710537192,-0.305670504355057,1.06262952057886,0.613383828545638,1.13448105757295,1.39394328112475,0.579028114094119,-1.68566739076674,1.6586753462317,-0.748105580197979,-2.60233338012565,-2.62146095334544,0.321409625973835,0.236791654365297,1.51132096836026,2.48213393804668,1.98110865660292,1.08929985572941,-2.7215656241917,-2.16191585333104,-2.43135627151158,3.4200418705436,-1.20527761928173,-1.18823452786031,0.469872575678252,-1.43369603311356,-1.77656571401996,0.66115969204284,-2.17761146604867,-2.48514268823491,-1.04412310339673,0.531570069176308,0.202005983584471,-2.10199287698863,0.51095492416052
"710275",-2.05843456651292,-0.522172380302441,-2.15958864650539,-1.71678374878775,-2.04400755144269,0.317252518664823,-0.300743613011293,-0.65782715278647,-0.995563413834166,-0.777805819123187,-0.903735884512186,-1.37528781471392,1.08391396269829,-1.25710304871939,1.60404598515693,2.36645327035441,1.39600160001491,-0.271485946843852,-1.19342550039187,-1.45619174315024,-1.91353661920477,-1.53549659276521,-0.948431916995407,2.13575493449807,1.85661662471361,1.76805153001605,-1.20527761928173,3.57223846294621,0.74235448443439,-0.951032400011065,1.07686085664974,2.17048737426446,-1.03637606105158,1.03903188318496,1.74940235694257,1.41203461563409,-0.889391876432708,-0.032611551538069,2.24698627784919,-0.335175270104413
"128300",-1.68913016117564,-0.170768462514742,-0.95939796982588,-0.666206511905024,-0.861319285328574,-0.530441804384963,0.260934046588763,-0.868157247180577,0.024833299338026,-1.43982919191072,-1.0856708852363,0.672331064927004,0.938163288973327,-1.1788939479514,0.202791480654942,1.26367959604176,1.7982872523625,-0.409700883426242,0.14185253578716,-1.04131175166649,-1.92946351985602,-1.79572416993566,-0.960270922522425,0.958699313078378,1.17441041066485,0.77439641086344,-1.18823452786031,0.74235448443439,4.15986873411561,-0.0343839473564839,0.666528510457668,1.23447920398741,-0.261890810781765,1.03989114822343,1.02334380294497,0.557881409125934,-0.688784670070615,-0.294519311910545,0.847128487742619,-0.427754497511801
"4409730",0.923058597454348,-0.190271259098692,1.79938319371807,1.18000490635394,1.56517969675063,0.124336277939332,-0.356759756443199,0.0928817327305611,0.75681714483526,-0.135371177557396,0.165866271033653,1.63612002734326,-0.690473836947523,0.23815820453448,-0.979454221689003,-1.32367337999653,-1.35839590285288,0.122250488032136,0.473661352258197,0.592407032244671,0.909187751577376,0.509179118700666,0.15999692297474,-2.02539584928173,-1.06820167142038,-1.284188742761,0.469872575678252,-0.951032400011065,-0.0343839473564839,2.88681994712112,-1.03872721886654,-1.18414706139595,1.60428978887076,-1.3261421037204,-1.51857679005731,-0.760193288096502,0.913795962171528,0.126845605462766,-1.33662104304715,0.311897052813995
"4387092",-1.98556876187886,0.709914247610616,-2.40237717134445,-1.25437232251636,-1.91601028784097,-1.48990699453592,0.804447899558925,-1.26862637016358,-0.774278794199211,-0.816463264214395,-0.577223961797345,-1.23549897736636,1.36073994777915,-1.07835404586592,0.341765746403717,1.74983073880907,2.1963939846936,-0.279834297061147,-0.293485528040557,-1.51449449186703,-2.21431873658743,-1.53752735682552,-0.897733245617264,2.69186520231242,1.29925759170794,2.5162169338749,-1.43369603311356,1.07686085664974,0.666528510457668,-1.03872721886654,2.90202836420979,1.37233781647446,-1.41295462870932,2.00433399959524,2.45233334552446,0.94754426042101,-1.0635951933736,-0.109815746375125,2.13199002792212,-0.629526045844367
"4420570",-2.55952863827211,-0.103825365826334,-2.2670592004424,-1.80746405509256,-1.9514032778712,-0.671942937371689,-0.0470570317966108,-0.980383833351256,-1.22812619784812,-1.34407043794468,-1.04303271342378,-1.26691405413854,1.47545057880314,-1.59872453243293,1.48269919811718,2.84144090877407,2.1395102642864,-0.492772108840945,-0.817190983558222,-1.54519429819694,-2.33372551883957,-1.87928364624039,-0.83803112220815,2.62372477470547,2.22773024176163,2.29769513676424,-1.77656571401996,2.17048737426446,1.23447920398741,-1.18414706139595,1.37233781647446,3.28259570992352,-1.30013711848246,1.57876742925656,2.27004735495851,1.45581548729296,-0.842058279665892,-0.320994569786598,2.576239164068,-0.82938794639073
"4446320",1.26162850406679,-0.418444045185077,2.11647167487565,1.29913297960892,1.52791124260001,0.461018480433529,-0.660511441567303,0.539918545289195,1.00918226844824,0.461921867913417,0.191085318518221,1.76753783804481,-0.919574942220116,0.461336531615936,-0.802334887484559,-1.75215229297342,-1.62307440646477,-0.0493102087258092,0.676282791818656,1.04749933761536,1.33340416570707,0.642281084996645,0.267370490259962,-2.30225543580642,-1.31555245127591,-1.47839640760335,0.66115969204284,-1.03637606105158,-0.261890810781765,1.60428978887076,-1.41295462870932,-1.30013711848246,2.99380749609748,-1.49482508758797,-1.85935916533148,-1.01676677614614,0.520784354427686,0.0341241983413662,-1.62187892252305,0.44764643832796
"12574",-3.35701445119791,0.801944667681763,-3.00338445181794,-1.26969985732613,-2.16375330842754,-2.4292008220553,1.05957842032231,-1.4289703943269,-0.613857958878962,-1.03988153999145,-1.17274704868493,-0.98017644044516,1.73063997320721,-1.9412862440741,0.0180203716880925,2.32593938480916,3.77843489652239,-0.74363316808257,0.561426716794016,-1.73874457022162,-2.84425041226423,-2.23528115190567,-1.23684439093399,3.90859088657886,1.94362834495187,3.07072436289831,-2.17761146604867,1.03903188318496,1.03989114822343,-1.3261421037204,2.00433399959524,1.57876742925656,-1.49482508758797,3.95466007935557,3.46325559318522,0.775782175868342,-1.2872328492057,-0.263346857334212,2.40709096866661,-0.713856728258554
"1696853",-3.95140683207284,0.464616781992133,-3.5596712871356,-1.75454424379754,-2.67277635664593,-2.14392382326544,1.06566008580643,-1.6509767662683,-0.967701205931555,-1.44981014673426,-1.5384861572733,-1.53260658203578,1.11604610114075,-2.32436192676737,0.640333759463822,3.01128387825949,4.04240271356653,-0.782425502953356,0.0662696153200714,-1.98122238903814,-3.23660159523694,-2.45709834331643,-1.19966575000776,4.66364058612369,2.04972291372816,3.89806923411165,-2.48514268823491,1.74940235694257,1.02334380294497,-1.51857679005731,2.45233334552446,2.27004735495851,-1.85935916533148,3.46325559318522,4.62346893315912,1.31484514131045,-1.14560571477387,-0.214310125847083,3.29932542598597,-0.787794230798808
"1117593",-1.28226074660465,-0.196241211895497,-1.36362100432164,-1.23653375922339,-1.22972933043386,-0.257576249897394,-0.124017461399343,-0.79797151866601,-0.774814906574634,-0.515202633385572,-0.624369867225993,-1.04095174964338,0.837301988452685,-0.624906899573357,1.33769937878543,1.62160755070442,0.938589737948833,-0.11045324532995,-0.814443951330635,-1.00553358380524,-1.33424608365152,-0.959230492677239,-0.580896828930984,1.42392975167869,1.25226749075483,1.1954427853992,-1.04412310339673,1.41203461563409,0.557881409125934,-0.760193288096502,0.94754426042101,1.45581548729296,-1.01676677614614,0.775782175868342,1.31484514131045,2.15063191848638,-0.451373601831663,-0.0981920104964407,1.24978890545863,-0.227512292784116
"4428714",0.418496441160856,0.0270282508712621,0.983888147627187,0.321166101413767,1.39265325999872,0.529045178116882,-0.700930654137399,0.748004157447863,-0.0506025022320234,-0.044729173371255,-0.105892864139753,-0.101916309258978,-1.19325951050964,0.311063602929344,-0.323356107376348,-0.902809938419506,-1.61802751907139,0.203999136961001,-0.235146636915131,1.49377970360664,1.01004998020328,0.974645683770733,0.86645388303346,-1.38321648251648,-1.00084935159466,-1.01087004315903,0.531570069176308,-0.889391876432708,-0.688784670070615,0.913795962171528,-1.0635951933736,-0.842058279665892,0.520784354427686,-1.2872328492057,-1.14560571477387,-0.451373601831663,3.40359796563186,0.526549268258371,-0.832219418528328,0.695297549777239
"290455",-0.180895604534039,0.61693390510444,-0.00778036726658623,-0.037718466462609,0.0957805002866083,0.399677450516736,-0.127668752752249,-0.112680209402236,0.105031544053102,0.3810708348551,-0.0697907338690399,-0.415855628544824,-0.692275042109355,-0.067749126462181,-0.217475138346191,-0.50785404898552,-0.349433859318148,0.59028301453266,-0.14467720566643,0.263955267268049,-0.259353055718862,-0.0511831368744691,-0.163394750566761,-0.0517123967400257,-0.406173015705968,-0.31722585998178,0.202005983584471,-0.032611551538069,-0.294519311910545,0.126845605462766,-0.109815746375125,-0.320994569786598,0.0341241983413662,-0.263346857334212,-0.214310125847083,-0.0981920104964407,0.526549268258371,1.66422525547567,-0.157335266380487,0.665539011236493
"4396235",-3.03902595418259,0.194130833618496,-3.00480513900972,-1.82351732672987,-2.28345804777952,-1.24343891605794,0.404654501019933,-1.41453707311765,-1.20968666501851,-1.61532438934133,-1.08341502921835,-1.58301047994006,1.26138816125886,-2.03991142560172,0.85683818443215,3.03024578376896,2.81246265338118,-0.708926211504131,-0.662843918437358,-1.82542759657552,-2.64880235425642,-2.22142900130326,-1.13995455749779,3.68835247928157,2.02077725829872,3.31508994236925,-2.10199287698863,2.24698627784919,0.847128487742619,-1.33662104304715,2.13199002792212,2.576239164068,-1.62187892252305,2.40709096866661,3.29932542598597,1.24978890545863,-0.832219418528328,-0.157335266380487,4.00845897172309,-0.753386413805959
"177679",0.492906123726013,0.552650374244488,0.465042045760994,0.267956043586409,0.333518703556249,0.765413035253324,-0.171225711834214,-0.245584505077893,0.250292150923934,0.0477873295449437,-0.00865232310142172,-0.21140781427118,-0.875513271716692,0.100060455955562,-0.31515120905012,-0.850089732049161,-1.02392905169753,0.955973274709086,-0.0934974948365951,0.30924594394132,0.366532983578353,0.14469047089038,0.117157619988984,-0.851586153016731,-0.568989376148287,-0.967497918400033,0.51095492416052,-0.335175270104413,-0.427754497511801,0.311897052813995,-0.629526045844367,-0.82938794639073,0.44764643832796,-0.713856728258554,-0.787794230798808,-0.227512292784116,0.695297549777239,0.665539011236493,-0.753386413805959,3.08695645472236
